PKORR      1.0717      1.0000      1.1500           1
SKORR      1.1536      1.0000      2.0000           1
HPKORR      1.0404      0.0000      2.0000           0
TX      0.6979      0.0000      2.0000           0
TS      0.0107      0.0000      2.0000           0
CX      5.0063      3.0000      6.0000           0
CPRO      0.0704      0.0000    1.000000           0
PRO     0.575976      0.050000    1.000000           0
FC     123.7277      100.0000   1000.0000           0
BETA      2.3742      1.0000      4.0000           0
LP     0.452256      0.0000    1.000000           0
KUZ2      0.7436      0.0100      1.0000           0
KUZ1      0.5937      0.0100      1.0000           0
UZ1     27.1198      0.0000    100.0000           0
PERC      6.1172      0.0000     10.0000           0
KLZ      0.0205      0.0100      0.0300           0
GCX      1.6239      1.0000      2.0000           0
Tlp     -0.6035     -0.6000     -0.9000           0
Tlo     -0.7146     -0.6000     -0.9000           0
SM0      0.04188      0.0000     1.00000           0
UZ0      6.0139      0.0000     200.0000           0
LZ0     12.4217      0.0000     200.0000           0
