Date Prec Temp PET Qobs
1 0 13.75 1.96 3.74
2 1.9 13.25 1.88 4.27
3 0 11.85 1.71 3.64
4 0 11.45 1.65 3.22
5 0 12.35 1.71 2.94
6 0 14.75 1.92 2.77
7 0 16.25 2.03 2.49
8 1.7 16.75 2.05 2.43
9 0 16.75 2.02 2.52
10 20.9 15.35 1.86 16.69
11 0 11.95 1.52 9.8
12 0 12.55 1.55 6.95
13 0 15.95 1.82 5.77
14 0 16.15 1.81 5.14
15 0 17.45 1.88 5.51
16 6.6 13.95 1.56 8.62
17 0 12.85 1.45 6.21
18 0 12.35 1.38 5.24
19 0 13.15 1.42 4.61
20 0 13.05 1.38 4.23
21 5.7 13.05 1.36 5.45
22 0 13.15 1.34 6.04
23 4.3 10.15 1.1 5.58
24 0.1 10.65 1.11 4.71
25 0.5 14.85 1.38 5.2
26 0.1 12.05 1.16 7.05
27 14 9.45000000000005 0.96 15.21
28 0.8 11.65 1.09 11.75
29 4.7 10.25 0.98 11.74
30 0 7.85000000000002 0.8 8.55
31 0 6.55000000000001 0.71 7.09
32 0 6.05000000000001 0.66 6.2
33 0 5.25 0.6 5.58
34 0 4.85000000000002 0.56 5.12
35 0 4.15000000000003 0.51 4.7
36 0 5.65000000000003 0.58 4.38
37 0 9.25 0.76 4.14
38 0.3 5.35000000000002 0.54 3.81
39 1.8 4.35000000000002 0.48 3.75
40 0 4.35000000000002 0.46 3.63
41 0 2.35000000000002 0.36 3.26
42 0 1.45000000000005 0.31 2.94
43 0 0.350000000000023 0.25 2.65
44 0 0.450000000000045 0.25 2.6
45 0 2.35000000000002 0.32 2.71
46 1.8 3.75 0.37 2.75
47 6 4.85000000000002 0.41 3.64
48 1.4 5.95000000000005 0.44 4.24
49 0.6 6.35000000000002 0.45 4.24
50 1.2 5.65000000000003 0.41 3.99
51 0.2 3.85000000000002 0.33 3.47
52 1.5 1.95000000000005 0.25 2.96
53 4.8 2.25 0.26 3.23
54 2.5 3.55000000000001 0.29 3.26
55 0 3.15000000000003 0.27 3.14
56 0.2 2.85000000000002 0.25 3.15
57 0.1 5.55000000000001 0.33 4.65
58 0.6 5.95000000000005 0.33 3.67
59 0 5.55000000000001 0.31 3.63
60 0.4 5.35000000000002 0.3 5.32
61 7.6 5.55000000000001 0.3 9.12
62 0.6 4.05000000000001 0.25 6.06
63 0 -0.649999999999977 0.11 3.51
64 0 -2.94999999999999 0.05 3.34
65 7.9 -1.54999999999995 0.09 3.77
66 11.5 -1.54999999999995 0.08 3.4
67 2.4 -5.25 0 3.33
68 0 -7.84999999999997 0 3.73
69 0.5 -6.14999999999998 0 4.14
70 0.4 -5.75 0 3.9
71 0 -6.54999999999995 0 3.43
72 0 -7.14999999999998 0 3.63
73 1.9 -3.64999999999998 0.03 4.07
74 0 0.0500000000000114 0.09 3.67
75 5.2 1.25 0.11 4.62
76 0 2.85000000000002 0.14 4.98
77 3.8 1.35000000000002 0.11 3.99
78 5.1 -0.449999999999989 0.08 3.77
79 1.8 -0.549999999999955 0.07 3.52
80 3.6 -1.84999999999997 0.05 3.34
81 7.5 -0.549999999999955 0.07 3.23
82 6.8 -1.04999999999995 0.06 3.28
83 3.3 1.25 0.09 3.73
84 0 2.45000000000005 0.1 3.53
85 0 0.950000000000045 0.08 3.51
86 0 5.75 0.14 6.07
87 0 4.75 0.12 4.36
88 0 -0.75 0.05 3.36
89 0 -2.75 0.03 4.62
90 0 0.650000000000034 0.07 3.33
91 0 0.550000000000011 0.06 3.13
92 0 0.950000000000045 0.07 2.6
93 0.1 -0.25 0.05 2.9
94 0 0.850000000000023 0.06 2.78
95 0 4.95000000000005 0.1 2.71
96 0 4.15000000000003 0.09 2.01
97 0.1 -3.25 0.02 2.3
98 4.5 -0.849999999999966 0.04 3.55
99 0 7.45000000000005 0.12 4.78
100 2.3 5.15000000000003 0.1 4.19
101 0 1.15000000000003 0.06 3.78
102 0.2 0.25 0.05 3.1
103 0 -3.14999999999998 0.02 3.02
104 0 -1.14999999999998 0.03 2.17
105 0 -5.75 0 2.77
106 0 -5.04999999999995 0 4.04
107 0 -4.64999999999998 0 3.28
108 0 -2.54999999999995 0.02 2.98
109 0.8 -0.25 0.04 3.87
110 0 0.75 0.05 4.43
111 0 0.0500000000000114 0.04 3.39
112 4.7 1.55000000000001 0.06 2.86
113 0.1 1.65000000000003 0.06 2.68
114 5.1 1.35000000000002 0.06 2.62
115 0 1.55000000000001 0.06 2.46
116 2.5 3.05000000000001 0.07 2.59
117 2.3 2.45000000000005 0.07 2.02
118 0 0.650000000000034 0.05 2.04
119 0 -0.449999999999989 0.04 2.48
120 0 -0.649999999999977 0.04 2.98
121 0 6.15000000000003 0.11 3.84
122 0 4.25 0.09 3.3
123 0 0.150000000000034 0.05 2.55
124 0 -3.14999999999998 0.02 3.06
125 0.5 -0.349999999999966 0.05 2.66
126 0 -3.34999999999997 0.02 2.19
127 0 -10.65 0 3.73
128 2.2 -6.44999999999999 0 5.44
129 0 -2.44999999999999 0.03 5.18
130 0 -3.34999999999997 0.02 5.5
131 5.3 0.25 0.06 3.63
132 8.4 1.35000000000002 0.08 2.02
133 6.1 1.75 0.08 1.55
134 0 0.25 0.07 1.33
135 0.3 -4.34999999999997 0.01 1.77
136 0.6 -3.75 0.02 1.89
137 0 -8.54999999999995 0 2.56
138 0.5 -7.64999999999998 0 3.78
139 0 -3.25 0.03 2.58
140 0 1.35000000000002 0.09 1.67
141 0 5.55000000000001 0.16 2
142 0 5.95000000000005 0.17 1.89
143 0 2.35000000000002 0.12 1.53
144 0 -0.149999999999977 0.08 1.44
145 0 0.75 0.1 1.32
146 0 -2.34999999999997 0.05 1.32
147 0 -0.649999999999977 0.08 1.24
148 0.1 -2.25 0.05 1.15
149 0.1 -5.14999999999998 0 1.12
150 0.5 -4.14999999999998 0.02 1.25
151 5.1 -1.84999999999997 0.07 1.12
152 0 -3.44999999999999 0.03 1.17
153 0 -7.84999999999997 0 2.17
154 0 -5.04999999999995 0 1.98
155 1 -0.549999999999955 0.11 1.05
156 0.5 -0.549999999999955 0.11 0.98
157 1.9 -0.549999999999955 0.11 0.94
158 1.3 -0.549999999999955 0.12 0.92
159 2.1 -2.14999999999998 0.08 0.89
160 1.2 -7.44999999999999 0 1.11
161 0 -8.84999999999997 0 1.51
162 0.3 -7.04999999999995 0 1.02
163 1.3 -5.25 0 0.86
164 0 -6.25 0 1.48
165 0 -7.04999999999995 0 1.45
166 0 -2.64999999999998 0.08 0.8
167 0 -1.75 0.11 1
168 0 -3.14999999999998 0.06 0.77
169 0 -1.34999999999997 0.13 0.76
170 0 1.65000000000003 0.25 0.73
171 0 0.150000000000034 0.2 0.72
172 0 3.85000000000002 0.34 0.78
173 0 6.65000000000003 0.47 0.72
174 2.9 3.05000000000001 0.33 0.64
175 0 1.15000000000003 0.26 0.65
176 0 -2.34999999999997 0.11 1.06
177 0 -3.94999999999999 0.05 1.08
178 2.3 -4.84999999999997 0.01 0.83
179 2.9 -0.75 0.2 0.7
180 5.7 1.85000000000002 0.33 0.72
181 7.4 0.950000000000045 0.29 0.75
182 0.1 -0.0499999999999545 0.25 0.77
183 0 -2.94999999999999 0.11 0.74
184 1.9 -1.44999999999999 0.19 0.72
185 2.2 -0.25 0.26 0.7
186 3.2 -2.94999999999999 0.11 0.71
187 0 -4.94999999999999 0 0.79
188 0.1 -6.84999999999997 0 1.47
189 2.5 -6.64999999999998 0 0.72
190 0 -0.75 0.26 0.68
191 0 1.55000000000001 0.41 0.63
192 2.2 1.65000000000003 0.42 0.68
193 0.5 2.15000000000003 0.46 0.7
194 0.1 1.45000000000005 0.43 0.78
195 2.1 3.85000000000002 0.6 0.77
196 0 3.85000000000002 0.61 0.66
197 0.1 4.15000000000003 0.65 0.72
198 0 1.95000000000005 0.5 0.74
199 0 -1.25 0.28 0.96
200 0.1 -1.34999999999997 0.27 0.84
201 9.2 1.35000000000002 0.48 0.79
202 0 1.55000000000001 0.51 0.75
203 0 0.350000000000023 0.42 0.71
204 0 1.25 0.5 0.65
205 0 3.45000000000005 0.69 0.66
206 0 5.45000000000005 0.87 1.42
207 0 8.15000000000003 1.12 4.36
208 0 8.25 1.15 8.93
209 0 6.75 1.04 7.29
210 0 4.15000000000003 0.82 4.98
211 3 1.95000000000005 0.63 4.6
212 6 3.15000000000003 0.75 7.54
213 0 5.75 1.01 9.77
214 0 5.85000000000002 1.04 9.68
215 0 6.35000000000002 1.1 8.8
216 0 5.35000000000002 1.02 7.13
217 0.1 5.45000000000005 1.05 5.74
218 0 8.15000000000003 1.34 8.42
219 0 8.65000000000003 1.41 9.9
220 0 7.75 1.33 9.24
221 0 8.75 1.46 12.28
222 0 5.85000000000002 1.17 9.25
223 1.2 3.65000000000003 0.94 6.97
224 0.1 4.65000000000003 1.07 6.04
225 0.2 2.55000000000001 0.84 4.78
226 0.9 2.15000000000003 0.81 4.02
227 0.3 0.650000000000034 0.65 3.5
228 3.9 1.05000000000001 0.7 3.19
229 1.2 0.350000000000023 0.63 2.83
230 0 1.55000000000001 0.78 2.69
231 0 3.75 1.05 2.69
232 0 7.55000000000001 1.53 3.38
233 0 5.05000000000001 1.24 3.13
234 0 4.45000000000005 1.18 2.9
235 6 3.05000000000001 1.02 2.96
236 1.5 1.15000000000003 0.78 2.55
237 0 2.25 0.93 2.38
238 0 3.05000000000001 1.05 2.38
239 0 1.55000000000001 0.86 2.21
240 11.4 1.85000000000002 0.91 2.27
241 0 2.85000000000002 1.05 2.29
242 0 3.95000000000005 1.21 2.6
243 0 5.25 1.4 3.38
244 0 8.25 1.83 4.85
245 0 8.35000000000002 1.86 6.78
246 0 8.65000000000003 1.92 10.83
247 0 11.95 2.4 20.76
248 0 12.95 2.56 23.35
249 0 7.65000000000003 1.82 18.17
250 0 5.15000000000003 1.47 12.42
251 0.2 4.35000000000002 1.37 9.1
252 0.7 1.75 1 7.01
253 0 3.95000000000005 1.33 5.92
254 0 5.25 1.53 6.08
255 2.4 5.85000000000002 1.63 9.39
256 0 8.85000000000002 2.1 18.18
257 2.4 9.85000000000002 2.27 34.51
258 7.6 7.65000000000003 1.94 46.94
259 17.2 12.35 2.68 105.8
260 18.4 10.05 2.34 79.38
261 0 13.95 2.97 57.36
262 2 12.45 2.75 52.52
263 0 10.85 2.51 36.01
264 0 9.55000000000001 2.32 26.7
265 0 12.15 2.74 24.79
266 0 12.25 2.77 24.19
267 0 12.75 2.87 25.79
268 0 16.05 3.42 24.35
269 0.3 17.35 3.65 20.81
270 0.3 14.15 3.14 17.97
271 0 15.95 3.45 17.49
272 0.1 12.45 2.88 13.49
273 0 11.85 2.79 10.63
274 1.3 11.25 2.7 9.68
275 3.5 7.75 2.13 10.64
276 1.5 11.25 2.72 10.9
277 2.1 10.55 2.61 10.18
278 4.1 11.85 2.84 9.29
279 8.2 12.05 2.88 49.51
280 48 10.25 2.58 72.29
281 5 10.65 2.66 37.69
282 16 11.55 2.82 58.46
283 5.3 11.45 2.8 37.78
284 0.4 11.65 2.84 24.72
285 0 13.45 3.16 17.47
286 0 14.35 3.31 13.09
287 0 14.05 3.27 10.69
288 9.1 14.05 3.27 16.08
289 0.2 13.15 3.12 12.45
290 0 16.95 3.77 9.56
291 0.1 15.45 3.52 7.96
292 1.4 12.95 3.09 7.51
293 0.1 11.45 2.83 6.1
294 0 13.45 3.18 5.25
295 0 12.95 3.09 7.55
296 9.7 12.25 2.97 9.93
297 0 11.95 2.91 6.84
298 0.2 11.25 2.79 5.8
299 0 11.95 2.91 4.57
300 0.1 12.25 2.96 3.83
301 0 13.95 3.24 3.38
302 0 14.45 3.32 3.02
303 0 16.75 3.71 2.63
304 0 18.45 3.99 2.38
305 0.1 15.15 3.43 2.2
306 4.4 13.05 3.06 2.56
307 0.4 12.85 3.02 2.2
308 0 13.75 3.16 1.88
309 0.1 14.55 3.29 1.72
310 3.3 14.55 3.28 3.55
311 0.2 14.15 3.2 2.98
312 0.1 13.55 3.09 2.53
313 6.2 13.75 3.12 3.88
314 5.6 13.15 3.01 6
315 0 12.55 2.9 3.68
316 0 12.95 2.95 2.62
317 0.2 13.45 3.02 2.25
318 1.1 15.95 3.41 2.09
319 0 13.55 3.01 1.91
320 0 12.95 2.9 1.66
321 0 14.15 3.08 1.43
322 0 14.85 3.17 1.26
323 1 16.35 3.39 1.22
324 4.3 12.95 2.84 1.62
325 0 13.95 2.98 1.49
326 5.9 17.85 3.57 6.2
327 2.6 14.45 3.02 5.38
328 0 16.15 3.27 3.65
329 1.1 15.85 3.2 3.47
330 14.5 13.85 2.87 17.58
331 2.6 12.85 2.7 12.82
332 3.7 13.15 2.73 11.14
333 9.3 13.35 2.74 14.52
334 1.2 13.65 2.77 10.65
335 2 14.15 2.82 9.44
336 0.4 12.45 2.55 9.26
337 15.5 11.85 2.44 22.78
338 3.4 13.55 2.67 20.36
339 3.8 13.35 2.62 20.94
340 0 13.65 2.64 12.96
341 3.3 11.95 2.38 11.22
342 2.4 13.45 2.56 11.15
343 11 12.25 2.38 12.92
344 0 14.35 2.64 9.13
345 0 15.55 2.78 7.41
346 0.2 14.45 2.61 6.87
347 0 12.15 2.28 5.49
348 0.2 12.95 2.36 5.89
349 23.8 11.75 2.18 18.7
350 0 12.95 2.31 10.91
351 13.2 12.15 2.18 18.37
352 1.6 14.15 2.41 16.45
353 0.5 12.55 2.19 12.08
354 0 12.75 2.19 9.51
355 5.7 12.75 2.16 10.03
356 0 12.35 2.09 7.69
357 0 13.15 2.16 6.81
358 2.8 10.75 1.85 7.31
359 0 12.35 2.02 5.87
360 0 11.55 1.9 5.1
361 0.1 12.45 1.98 4.55
362 0.8 13.95 2.12 5.21
363 2 12.65 1.95 5.19
364 0 11.55 1.8 4.23
365 0.1 10.75 1.69 3.81
366 0 11.45 1.74 3.38
367 0.4 10.95 1.67 3.25
368 0.3 10.75 1.62 3.11
369 0.4 10.15 1.54 3.24
370 8.6 10.95 1.6 8.79
371 4.4 11.15 1.59 10.81
372 4.6 8.75 1.34 11.03
373 5.5 8.55000000000001 1.3 15.71
374 0.2 9.95000000000005 1.41 12.52
375 6.6 10.65 1.45 34.13
376 27.9 10.65 1.43 51.95
377 5.9 10.05 1.35 29.22
378 2.2 9.45000000000005 1.28 20.02
379 0.5 9.85000000000002 1.29 14.73
380 0 10.15 1.29 11.59
381 0 9.95000000000005 1.25 9.75
382 0 9.85000000000002 1.22 8.52
383 0.2 11.25 1.32 7.74
384 5.7 9.85000000000002 1.18 14.69
385 6.4 7.35000000000002 0.96 15.89
386 0.9 7.65000000000003 0.97 13.55
387 0.3 8.85000000000002 1.04 11.06
388 0.1 11.05 1.18 9.44
389 0.1 11.15 1.17 8.72
390 0 11.15 1.15 7.95
391 3.3 10.85 1.1 9.51
392 0.2 11.25 1.11 8.79
393 0.2 10.65 1.04 8.28
394 4.5 9.35000000000002 0.94 10.49
395 0.1 9.55000000000001 0.93 15.99
396 38.2 9.75 0.92 74.31
397 11.6 9.65000000000003 0.9 34.46
398 0 9.25 0.85 21.09
399 0.1 5.25 0.6 15.81
400 0 5.65000000000003 0.61 12.62
401 0 8.55000000000001 0.76 10.55
402 0 5.35000000000002 0.57 8.73
403 0 4.65000000000003 0.52 7.83
404 0 2.45000000000005 0.39 7.17
405 2.8 1.45000000000005 0.33 7.27
406 13.3 3.65000000000003 0.43 15.25
407 0 6.35000000000002 0.55 11.87
408 0.1 6.15000000000003 0.53 10.29
409 0 7.35000000000002 0.57 8.55
410 0 8.45000000000005 0.61 7.73
411 8.5 8.75 0.6 14.14
412 4.1 6.75 0.5 12.58
413 0 2.35000000000002 0.31 9.36
414 1.4 3.05000000000001 0.33 9.19
415 5 4.75 0.38 10.45
416 6 4.95000000000005 0.38 10.48
417 3.6 3.85000000000002 0.33 9.37
418 7.1 2.75 0.28 8.39
419 18.4 1.55000000000001 0.23 9.04
420 0 2.25 0.25 8.76
421 0 3.55000000000001 0.29 7.71
422 0 5.85000000000002 0.35 8.57
423 6.3 6.15000000000003 0.35 6.94
424 0 3.75 0.27 6.28
425 0 2.05000000000001 0.21 6.73
426 0 3.75 0.25 6.68
427 0 5.65000000000003 0.3 8.17
428 0 3.45000000000005 0.23 7.27
429 0 0.650000000000034 0.15 6.39
430 15.1 2.45000000000005 0.19 7.29
431 2.2 1.85000000000002 0.17 5.94
432 0 -0.549999999999955 0.11 5.66
433 0.6 0.650000000000034 0.13 5.77
434 1.1 4.15000000000003 0.21 5.25
435 0.4 3.45000000000005 0.18 4.82
436 0.7 1.05000000000001 0.13 3.81
437 0 2.05000000000001 0.15 4
438 0 2.85000000000002 0.16 3.47
439 1.1 -0.649999999999977 0.08 3.36
440 0.1 -1.25 0.07 3.52
441 0 2.05000000000001 0.13 3.59
442 4.9 1.05000000000001 0.11 3.42
443 1.5 2.65000000000003 0.13 3.16
444 1.8 -0.349999999999966 0.08 3.07
445 0 -1.04999999999995 0.06 2.79
446 0 -3.75 0.02 2.83
447 0.4 -6.04999999999995 0 3.02
448 22 -5.44999999999999 0 3.73
449 13 1.95000000000005 0.1 5.09
450 0.1 -0.0499999999999545 0.07 4.14
451 0.8 -2.14999999999998 0.04 3.92
452 2.3 -1.75 0.04 3.56
453 4.4 -3.94999999999999 0.01 3.36
454 4.7 -1.44999999999999 0.04 2.85
455 0.6 -5.54999999999995 0 3.12
456 2.2 -5.04999999999995 0 2.79
457 0 -7.84999999999997 0 3.24
458 0.3 -3.75 0.01 2.69
459 0 -0.849999999999966 0.05 2.4
460 0 -3.14999999999998 0.02 2.58
461 6.2 1.15000000000003 0.06 2.7
462 1.5 -0.0499999999999545 0.05 2.93
463 4 3.35000000000002 0.08 3.06
464 0 3.15000000000003 0.08 2.26
465 0 -1.84999999999997 0.03 2.13
466 0 -10.05 0 3.32
467 0 -7.34999999999997 0 3.54
468 0 -9.04999999999995 0 4.11
469 3.4 -8.04999999999995 0 5.51
470 0 -4.75 0 3.68
471 0 -5.84999999999997 0 2.7
472 0 -7.64999999999998 0 3.18
473 0 -7.75 0 3.94
474 0.1 -3.94999999999999 0.01 2.38
475 0.1 -0.549999999999955 0.04 2.18
476 0 -0.349999999999966 0.04 2.57
477 0.1 -2.14999999999998 0.03 2.26
478 0.1 1.45000000000005 0.06 2.58
479 0.7 6.45000000000005 0.1 5.19
480 0 0.650000000000034 0.05 3.79
481 11.6 -1.54999999999995 0.03 3.12
482 17.9 -0.75 0.04 3.02
483 2.8 -2.04999999999995 0.03 2.79
484 0.6 -2.04999999999995 0.03 2.49
485 0 -6.84999999999997 0 2.58
486 0 -7.44999999999999 0 2.89
487 13.6 -4.34999999999997 0.01 2.41
488 0.2 -1.94999999999999 0.03 2.18
489 1.5 -4.94999999999999 0 2.17
490 11.8 -2.84999999999997 0.02 2.21
491 5.5 -1.54999999999995 0.04 2.2
492 0.1 -4.14999999999998 0.01 2.04
493 0 -7.94999999999999 0 2.66
494 0 -3.84999999999997 0.01 2.53
495 0 -2.75 0.03 2.88
496 0 -9.54999999999995 0 4.75
497 1.4 -4.84999999999997 0 2.09
498 0.2 -3.04999999999995 0.02 1.84
499 0 -3.54999999999995 0.02 1.72
500 1.9 -4.54999999999995 0.01 1.64
501 3.1 -3.64999999999998 0.02 1.48
502 20.3 -1.75 0.04 1.57
503 4.3 -2.84999999999997 0.03 1.75
504 0 -6.64999999999998 0 2.01
505 0 -6.75 0 1.9
506 4.2 -5.14999999999998 0 1.76
507 3.7 -3.84999999999997 0.02 1.67
508 0.6 -7.34999999999997 0 1.66
509 3.4 -6.54999999999995 0 1.6
510 5.1 -1.94999999999999 0.05 1.58
511 6.4 0.950000000000045 0.11 1.49
512 0 0.850000000000023 0.11 1.28
513 0 -3.44999999999999 0.03 1.88
514 9.6 -6.25 0 1.78
515 0.1 -1.25 0.08 1.54
516 4.4 -1.84999999999997 0.07 1.49
517 3 -2.44999999999999 0.05 1.55
518 17.3 -0.449999999999989 0.1 1.68
519 2.6 -1.94999999999999 0.07 1.68
520 0 -10.85 0 2.3
521 0 -11.45 0 3.32
522 0 -11.15 0 2.85
523 0 -7.34999999999997 0 1.57
524 0 -5.54999999999995 0 1.42
525 0 -7.14999999999998 0 1.38
526 3.8 -5.75 0 1.34
527 4 -1.25 0.11 1.28
528 4.6 -1.94999999999999 0.09 1.29
529 9.3 -3.25 0.05 1.33
530 0.6 -4.25 0.02 1.4
531 0.2 -5.44999999999999 0 1.49
532 0.3 -0.75 0.14 1.33
533 4.9 -1.94999999999999 0.11 1.3
534 0 -4.14999999999998 0.03 1.37
535 0 -6.44999999999999 0 1.4
536 0 -3.94999999999999 0.04 1.34
537 0.1 -3.44999999999999 0.06 1.28
538 0.5 -5.54999999999995 0 1.23
539 0.1 -6.25 0 1.33
540 0 -6.94999999999999 0 1.2
541 0.1 -4.64999999999998 0.02 1.14
542 0.6 -4.34999999999997 0.03 1.09
543 1.5 -7.54999999999995 0 1.08
544 0 -10.35 0 1.26
545 0.1 -11.65 0 1.1
546 0.4 -14.35 0 1.23
547 0 -15.25 0 1.29
548 0 -8.64999999999998 0 0.98
549 0 -6.64999999999998 0 0.97
550 0.2 -6.25 0 0.98
551 0.9 -6.44999999999999 0 0.97
552 0.3 -6.04999999999995 0 0.95
553 2.2 -3.44999999999999 0.09 0.93
554 1.4 -3.04999999999995 0.12 0.9
555 0 -5.84999999999997 0 0.88
556 0 -6.04999999999995 0 0.85
557 8.1 -4.54999999999995 0.03 0.88
558 0.3 -3.54999999999995 0.09 0.9
559 0 -3.54999999999995 0.1 0.86
560 0 -4.44999999999999 0.04 0.83
561 0.5 -5.25 0 0.81
562 0 -9.34999999999997 0 0.8
563 0 -11.15 0 0.79
564 0 -4.44999999999999 0.04 0.75
565 0 0.0500000000000114 0.38 0.7
566 0 -0.649999999999977 0.33 0.71
567 0.1 -0.149999999999977 0.38 0.75
568 0 0.75 0.46 0.76
569 0.2 0.25 0.42 0.76
570 0 2.45000000000005 0.61 0.76
571 0 1.75 0.56 0.75
572 0.8 -2.34999999999997 0.23 0.72
573 0 -5.34999999999997 0 0.98
574 0 -6.44999999999999 0 0.81
575 0 -5.64999999999998 0 0.79
576 0 -5.84999999999997 0 0.77
577 0 -5.14999999999998 0 0.74
578 0 -5.04999999999995 0 0.75
579 0 -4.04999999999995 0.09 0.68
580 5.5 -3.44999999999999 0.15 0.67
581 2.2 1.25 0.62 0.79
582 5.1 1.05000000000001 0.61 0.73
583 0 1.25 0.63 0.66
584 1.6 1.65000000000003 0.69 0.77
585 8.4 1.25 0.65 1.5
586 2.3 1.55000000000001 0.69 2.13
587 0 1.45000000000005 0.69 1.82
588 0 1.95000000000005 0.76 1.75
589 0 2.95000000000005 0.88 1.74
590 0 4.35000000000002 1.05 2.11
591 0 5.85000000000002 1.23 4
592 0 5.85000000000002 1.25 5.6
593 0 3.45000000000005 0.98 6.14
594 0.4 6.15000000000003 1.31 10.29
595 0 6.75 1.4 15.73
596 0 6.95000000000005 1.44 21.62
597 0 7.75 1.55 25.63
598 0 6.75 1.45 22.47
599 3 6.15000000000003 1.39 21.54
600 2.4 4.75 1.23 18.65
601 0 5.25 1.31 17.02
602 0 5.25 1.32 15.61
603 0 5.15000000000003 1.32 14.74
604 0 5.05000000000001 1.32 13.56
605 0 5.25 1.36 13.01
606 0.2 5.65000000000003 1.43 14.02
607 6.1 5.85000000000002 1.47 16.12
608 0.4 3.35000000000002 1.14 12.71
609 1.2 6.65000000000003 1.61 13.88
610 0.9 5.15000000000003 1.41 13.06
611 2.1 6.55000000000001 1.62 20.43
612 0 12.45 2.47 47.59
613 0 11.35 2.34 61.65
614 0 11.55 2.38 70.12
615 0 12.45 2.53 88.14
616 0 13.45 2.7 103.12
617 4 12.65 2.6 103.18
618 0 12.35 2.58 78.4
619 0 11.55 2.48 58.86
620 0 11.95 2.55 67.38
621 0 15.25 3.07 58.66
622 0 15.55 3.14 53.07
623 0 15.15 3.1 42.83
624 0 11.45 2.54 31.29
625 0 12.35 2.7 26.94
626 0 14.25 3.01 25.55
627 0 13.75 2.95 25.87
628 0 14.35 3.06 23.53
629 0 14.35 3.08 20.46
630 0 16.55 3.45 19.35
631 0 17.15 3.56 17.61
632 0 17.25 3.6 15.6
633 0 19.45 3.97 13.98
634 0 18.45 3.82 12.91
635 3.8 15.25 3.32 12.41
636 0 17.05 3.63 11.45
637 0 20.65 4.24 10.6
638 0 19.75 4.1 9.35
639 0 19.75 4.12 8.09
640 0 20.75 4.3 6.92
641 0 21.35 4.41 6.2
642 0 17.85 3.84 4.96
643 0 13.65 3.14 4.25
644 0 16.05 3.56 3.86
645 0 18.35 3.95 3.35
646 0 19.05 4.08 3.03
647 0.2 18.95 4.07 3.35
648 16.7 17.75 3.88 14.22
649 1.8 13.35 3.13 9.41
650 0 15.45 3.5 6.34
651 1.3 15.55 3.52 6.12
652 5.3 11.85 2.89 7.16
653 0.1 11.95 2.91 5.14
654 5 12.65 3.03 4.97
655 2.5 11.05 2.76 4.67
656 0.1 12.75 3.05 4.09
657 0 11.65 2.86 3.21
658 0 10.25 2.62 2.88
659 1.9 9.35000000000002 2.47 3.35
660 0 12.35 2.99 2.62
661 0 14.15 3.29 2.13
662 0 16.15 3.64 1.93
663 0 19.55 4.22 1.66
664 0 20.15 4.32 1.41
665 0 20.75 4.41 1.22
666 0 17.85 3.91 1.12
667 0 16.15 3.62 0.96
668 0 16.55 3.68 0.88
669 0 18.95 4.08 0.8
670 0 19.75 4.21 0.73
671 0 21.05 4.42 0.65
672 0 21.75 4.53 0.58
673 0 21.25 4.43 0.53
674 0 19.35 4.1 0.48
675 0 18.15 3.89 0.43
676 0 19.65 4.12 0.41
677 0.4 15.65 3.44 0.41
678 0 19.55 4.08 0.37
679 0 19.55 4.07 0.37
680 0.1 19.45 4.03 0.44
681 0.6 18.25 3.82 0.42
682 0 20.45 4.16 0.34
683 0 21.15 4.26 0.29
684 0.1 20.25 4.1 0.31
685 9.7 18.05 3.72 1.06
686 5.5 17.25 3.57 1.98
687 0 18.55 3.76 1.01
688 0 19.05 3.82 0.7
689 0 19.95 3.95 0.55
690 0 20.65 4.03 0.44
691 0 20.85 4.04 0.39
692 0 21.15 4.06 0.36
693 0 21.15 4.04 0.33
694 0 21.05 4 0.28
695 0.2 23.05 4.28 0.26
696 34.9 20.25 3.82 3.33
697 0 18.85 3.59 1.9
698 2.7 17.55 3.37 1.36
699 9.5 17.95 3.4 2.33
700 0 18.05 3.39 1.55
701 0.6 17.15 3.24 1.42
702 1 16.55 3.12 1.63
703 1.2 17.65 3.26 1.17
704 0 15.55 2.93 0.92
705 0.1 14.45 2.75 0.8
706 0.4 16.35 2.99 1.18
707 9.9 15.65 2.87 2.06
708 6.5 15.95 2.89 7.38
709 16.3 11.95 2.31 11.17
710 0 12.75 2.4 5.8
711 0 11.65 2.23 4.23
712 0 12.65 2.34 3.37
713 0 13.95 2.49 2.86
714 0.3 15.35 2.65 11.92
715 22.3 14.55 2.52 19.27
716 0 12.65 2.25 10.58
717 1 12.85 2.25 8.06
718 0 13.05 2.25 6.07
719 0 11.65 2.05 4.87
720 0 12.35 2.11 4.29
721 1.5 13.25 2.2 5.07
722 0.2 12.45 2.08 4.32
723 1.3 10.75 1.85 4.17
724 0 9.35000000000002 1.67 3.59
725 0.3 10.35 1.76 3.4
726 4 9.45000000000005 1.64 4.32
727 0 12.65 1.98 3.68
728 10.1 12.55 1.94 6.8
729 0 11.95 1.85 4.93
730 0 11.25 1.75 3.9
731 0 11.85 1.79 3.25
732 0 13.25 1.91 2.84
733 0 13.05 1.86 2.54
734 0 13.15 1.84 2.31
735 2.2 14.25 1.93 5
736 17.7 13.25 1.8 15.61
737 21.8 12.85 1.74 47.74
738 17.2 11.15 1.55 57.1
739 18.6 11.45 1.55 52.85
740 2 10.95 1.48 33.03
741 7.6 9.65000000000003 1.34 24.33
742 0 9.75 1.32 16.79
743 0.3 9.25 1.26 13.2
744 1.7 9.35000000000002 1.25 11.64
745 0 7.65000000000003 1.08 10.07
746 4.1 6.75 0.99 10.24
747 0.1 10.05 1.24 8.59
748 0.3 14.45 1.57 7.68
749 0.9 14.55 1.55 7.11
750 4.2 10.55 1.21 21.21
751 21.1 7.75 0.98 24.11
752 0 8.85000000000002 1.04 14.45
753 0 7.85000000000002 0.95 10.64
754 0 5.75 0.78 8.45
755 0 8.55000000000001 0.96 8.2
756 0 10.35 1.07 8.33
757 4.9 5.65000000000003 0.73 9.19
758 0 5.05000000000001 0.67 7.79
759 0 7.45000000000005 0.81 7.47
760 0 5.85000000000002 0.69 6.53
761 0 4.25 0.58 6.33
762 2.6 2.45000000000005 0.46 6
763 0.2 3.75 0.52 5.58
764 0 5.05000000000001 0.59 7.21
765 0 6.05000000000001 0.63 5.83
766 0 3.95000000000005 0.5 4.92
767 0.3 3.95000000000005 0.49 5.12
768 0 7.65000000000003 0.68 5.26
769 0 11.65 0.87 4.93
770 0 10.75 0.8 4.48
771 0 9.85000000000002 0.74 4.28
772 0 10.35 0.74 4.47
773 4.3 14.75 0.93 5.84
774 0.1 12.95 0.83 6.43
775 0 7.75 0.57 5.5
776 0 5.85000000000002 0.48 4.89
777 0 7.75 0.54 4.58
778 0 5.05000000000001 0.42 4.08
779 0 4.55000000000001 0.39 3.93
780 0 5.65000000000003 0.42 3.8
781 0 7.65000000000003 0.49 3.74
782 0.7 6.25 0.42 3.96
783 0 5.55000000000001 0.38 2.39
784 0 4.35000000000002 0.33 3.43
785 0 5.15000000000003 0.35 2.77
786 0 1.75 0.23 2.47
787 0 -0.25 0.15 1.22
788 0 -3.44999999999999 0.05 1.57
789 3.7 -1.94999999999999 0.09 2.1
790 10 0.350000000000023 0.16 2.94
791 1.7 1.45000000000005 0.19 3.21
792 9.2 2.55000000000001 0.21 4.26
793 2.4 2.45000000000005 0.2 4.07
794 0.2 2.05000000000001 0.19 4.06
795 0 5.85000000000002 0.28 4.27
796 0.6 5.05000000000001 0.25 4.87
797 0 4.85000000000002 0.24 5.43
798 0.2 4.65000000000003 0.22 5.48
799 2.3 4.85000000000002 0.22 6.04
800 5.5 4.55000000000001 0.21 7.59
801 21.9 5.65000000000003 0.23 28.09
802 21.5 6.95000000000005 0.25 44.07
803 2 4.95000000000005 0.2 20.69
804 0.2 3.75 0.17 13.68
805 1.9 2.05000000000001 0.13 12.5
806 0.1 4.35000000000002 0.17 12.15
807 0 2.95000000000005 0.14 9.75
808 0 2.15000000000003 0.12 8.45
809 0 1.25 0.1 6.05
810 0 -1.94999999999999 0.05 4.44
811 0 -3.14999999999998 0.03 4.3
812 0 -1.34999999999997 0.06 3.42
813 0 -3.94999999999999 0.02 2.61
814 0.1 -5.04999999999995 0 2.89
815 0 -2.75 0.03 2.69
816 0 -5.54999999999995 0 1.82
817 0 -7.04999999999995 0 2.25
818 0 -6.25 0 2.7
819 5.8 -3.64999999999998 0.02 3.12
820 10.6 1.55000000000001 0.08 3.2
821 7.1 3.65000000000003 0.1 3.19
822 1.5 1.65000000000003 0.08 2.85
823 9.8 1.15000000000003 0.07 2.97
824 7.2 1.35000000000002 0.07 2.69
825 0 0.650000000000034 0.06 2.27
826 0 -2.64999999999998 0.02 2.29
827 7.5 -3.84999999999997 0.01 2.57
828 12.1 -3.34999999999997 0.02 2.73
829 0.2 -2.54999999999995 0.02 2.53
830 0.1 -1.64999999999998 0.03 2.28
831 0 2.05000000000001 0.07 1.81
832 0 -3.44999999999999 0.01 2.13
833 0 -7.94999999999999 0 3.09
834 0 -10.45 0 3.89
835 0 -10.15 0 5.48
836 4.3 -5.75 0 4.85
837 2.6 -2.25 0.02 3.03
838 0 -5.14999999999998 0 2.68
839 1.2 -7.54999999999995 0 3.17
840 8.1 -3.34999999999997 0.01 1.91
841 5.3 -1.04999999999995 0.03 1.8
842 4.1 -2.94999999999999 0.02 1.71
843 0 -6.04999999999995 0 1.63
844 0 -7.25 0 1.74
845 0 -2.54999999999995 0.02 1.48
846 0 5.45000000000005 0.09 1.27
847 0 2.65000000000003 0.07 1.44
848 0.2 1.45000000000005 0.06 1.55
849 0 -0.75 0.04 1.49
850 0 0.450000000000045 0.05 1.42
851 6.1 -0.0499999999999545 0.05 1.42
852 0.6 2.55000000000001 0.07 1.45
853 0 2.65000000000003 0.07 1.1
854 0 -0.449999999999989 0.05 1.48
855 0 1.55000000000001 0.07 1.49
856 0 7.25 0.13 1.67
857 0 2.65000000000003 0.08 1.54
858 0 -0.0499999999999545 0.05 1.42
859 1.7 -1.84999999999997 0.03 1.36
860 0 1.05000000000001 0.07 1.12
861 0 -1.84999999999997 0.04 1.34
862 0 1.85000000000002 0.08 1.2
863 0 1.65000000000003 0.08 1.09
864 0.3 -2.84999999999997 0.03 1.18
865 0 -2.14999999999998 0.04 1.08
866 0.1 -1.64999999999998 0.04 2.03
867 3.9 -3.54999999999995 0.02 1.59
868 4.4 -5.04999999999995 0 1.38
869 0 -6.25 0 2.37
870 0 -6.44999999999999 0 1.68
871 0 -3.25 0.03 1.01
872 0.9 -5.94999999999999 0 0.99
873 0 -7.14999999999998 0 1.4
874 0.8 -8.44999999999999 0 0.99
875 0.3 -4.44999999999999 0.01 0.94
876 0.9 -3.64999999999998 0.02 0.9
877 5.7 -4.34999999999997 0.01 0.89
878 1.6 -6.04999999999995 0 0.91
879 1.3 -6.84999999999997 0 0.94
880 0 -9.04999999999995 0 1.05
881 0 -10.05 0 0.9
882 2.5 -7.84999999999997 0 0.89
883 0.9 -6.25 0 0.91
884 5.4 -4.25 0.02 0.96
885 0.3 -5.14999999999998 0 0.94
886 0 -8.75 0 0.91
887 6.4 -6.75 0 0.93
888 0.1 -5.25 0 0.91
889 2.2 -8.75 0 0.91
890 2 -6.14999999999998 0 0.92
891 6.8 -3.75 0.04 0.94
892 4.4 0.0500000000000114 0.15 0.99
893 1.9 -0.149999999999977 0.15 0.99
894 0 -1.64999999999998 0.1 0.85
895 0 -1.04999999999995 0.13 0.86
896 0 2.65000000000003 0.25 0.82
897 0 3.25 0.28 1.08
898 0 0.75 0.2 1.09
899 0 0.950000000000045 0.21 1.08
900 0 1.35000000000002 0.23 1.02
901 0.1 2.95000000000005 0.3 1.01
902 0 3.35000000000002 0.33 0.94
903 6.6 0.850000000000023 0.23 0.95
904 0.3 0.150000000000034 0.21 1
905 0 0.25 0.22 0.99
906 0 1.55000000000001 0.28 1.08
907 0 3.65000000000003 0.39 1.12
908 0 5.05000000000001 0.46 1.26
909 0 3.65000000000003 0.41 1.37
910 0 4.45000000000005 0.45 1.3
911 0 1.65000000000003 0.33 1.1
912 0 -1.04999999999995 0.2 1.15
913 4.1 0.150000000000034 0.27 1.12
914 1.8 1.25 0.33 1.08
915 1.1 0.850000000000023 0.32 1.06
916 2.7 -1.94999999999999 0.17 1.03
917 8.7 -1.94999999999999 0.17 1.06
918 4.5 -0.549999999999955 0.26 1.07
919 1.4 -1.64999999999998 0.2 0.94
920 1 -3.44999999999999 0.09 0.89
921 0 -5.14999999999998 0 1.1
922 0 -5.14999999999998 0 1.1
923 28.9 -3.25 0.11 1.17
924 0.1 -2.64999999999998 0.16 1.24
925 0 -1.94999999999999 0.21 1.17
926 0.7 -1.34999999999997 0.25 1.1
927 8.8 -0.549999999999955 0.31 1.1
928 6.3 0.25 0.38 0.99
929 0 0.550000000000011 0.41 0.97
930 0 0.150000000000034 0.39 1.06
931 0.1 3.45000000000005 0.64 1.3
932 0 3.85000000000002 0.69 1.78
933 0.1 2.85000000000002 0.62 1.58
934 0.2 3.25 0.67 1.3
935 0.3 2.35000000000002 0.6 1.26
936 0 3.45000000000005 0.71 1.19
937 0 3.55000000000001 0.73 1.33
938 0 4.55000000000001 0.83 1.73
939 0 6.85000000000002 1.04 3.4
940 0 6.55000000000001 1.03 4.8
941 0 3.65000000000003 0.79 3.37
942 0 -0.849999999999966 0.38 2.85
943 0 0.950000000000045 0.56 2.49
944 0 1.45000000000005 0.62 2.19
945 1.8 1.15000000000003 0.6 2.14
946 0 5.15000000000003 1 2.49
947 0 4.25 0.93 2.79
948 0 3.65000000000003 0.88 3.1
949 0 2.85000000000002 0.81 2.73
950 0 1.95000000000005 0.73 2.47
951 0 0.550000000000011 0.59 2.23
952 0 -0.149999999999977 0.52 2.02
953 0 -0.25 0.52 1.89
954 0 1.05000000000001 0.67 1.82
955 0 1.95000000000005 0.78 1.81
956 0 2.35000000000002 0.83 1.88
957 0 3.45000000000005 0.97 2.01
958 0 3.85000000000002 1.03 2.08
959 0 4.75 1.15 2.76
960 0 6.55000000000001 1.38 4.34
961 0 7.95000000000005 1.56 6.12
962 0 9.65000000000003 1.79 8.49
963 0 9.65000000000003 1.81 12.34
964 0 9.65000000000003 1.83 17.23
965 0 8.55000000000001 1.71 18.9
966 0 10.75 2.01 21.23
967 2.4 8.65000000000003 1.76 32.04
968 2.3 9.45000000000005 1.88 54.24
969 18.2 8.45000000000005 1.77 113.01
970 0 9.55000000000001 1.93 80.37
971 0 12.15 2.3 63.9
972 0 12.45 2.36 56.67
973 0 10.35 2.1 38.84
974 0.1 4.25 1.28 22.26
975 0.7 1.65000000000003 0.93 15.76
976 0 4.65000000000003 1.36 11.91
977 1.7 4.35000000000002 1.32 9.91
978 0 3.05000000000001 1.15 8.32
979 0 2.85000000000002 1.13 7.21
980 2.7 3.85000000000002 1.28 7.05
981 15.9 2.55000000000001 1.1 17.58
982 12.1 5.15000000000003 1.5 17.54
983 0.7 6.05000000000001 1.64 11.95
984 0 5.45000000000005 1.56 9.38
985 0 6.55000000000001 1.74 9.6
986 0 9.05000000000001 2.13 12.63
987 0 10.45 2.36 15.83
988 0 12.25 2.65 25.82
989 2 14.25 2.98 31.53
990 3 9.15000000000003 2.2 31.48
991 0.1 12.25 2.7 31.57
992 1.2 11.85 2.65 34.1
993 14.1 14.75 3.13 90.03
994 10.7 12.55 2.79 62.29
995 7.1 9.35000000000002 2.3 45.49
996 5.8 8.85000000000002 2.23 31.71
997 0 10.55 2.51 23.31
998 0 9.75 2.4 18.31
999 0 7.95000000000005 2.11 14.82
1000 0 7.45000000000005 2.04 11.78
1001 0.3 8.15000000000003 2.16 10.42
1002 1 7.25 2.02 9.33
1003 2.3 10.45 2.56 10.31
1004 0.3 9.15000000000003 2.35 10.63
1005 10.9 11.45 2.75 16.96
1006 0.2 12.55 2.94 14.25
1007 1.8 12.05 2.86 12.98
1008 1.5 9.35000000000002 2.42 16.72
1009 20.1 14.05 3.22 32.13
1010 0 15.45 3.46 25.34
1011 15 10.75 2.67 29.62
1012 0.8 11.65 2.83 19.78
1013 0 11.25 2.77 14.45
1014 6.5 13.65 3.18 21.72
1015 9.4 9.05000000000001 2.4 28.07
1016 4.6 10.45 2.65 20.6
1017 1.1 11.85 2.89 16.03
1018 1 16.25 3.65 14.3
1019 0.2 13.05 3.1 12.17
1020 0.2 14.75 3.4 11.9
1021 6.6 11.45 2.83 11.06
1022 5.2 12.75 3.05 15.25
1023 1.3 12.05 2.93 13.09
1024 0.8 11.75 2.88 9.69
1025 0 11.75 2.88 7.72
1026 0 12.15 2.95 6.58
1027 0.6 14.25 3.31 8.18
1028 3.4 12.15 2.95 8.33
1029 0 14.85 3.41 6.41
1030 0 15.75 3.56 5.18
1031 0 18.45 4.01 4.32
1032 0 19.85 4.25 4.08
1033 0 16.65 3.69 4.17
1034 0 14.55 3.33 3.66
1035 0 10.85 2.69 3.01
1036 0 9.95000000000005 2.54 2.7
1037 0 11.15 2.73 2.33
1038 0 13.85 3.18 2.09
1039 0.1 11.75 2.82 2.07
1040 0.3 12.65 2.96 2.43
1041 0.1 13.75 3.14 2.23
1042 0.2 14.25 3.21 1.95
1043 0 16.75 3.61 1.74
1044 0 17.45 3.72 1.54
1045 0 18.55 3.89 1.35
1046 0 19.05 3.95 1.21
1047 0 17.35 3.66 1.08
1048 0 16.45 3.49 0.96
1049 0.1 16.25 3.45 0.84
1050 0 17.45 3.62 0.79
1051 7.2 15.85 3.35 1.54
1052 5.7 14.15 3.06 2.42
1053 18.2 13.95 3.01 19.57
1054 15.4 13.15 2.87 15.19
1055 1 14.25 3.03 9.26
1056 0.1 18.35 3.65 6.49
1057 0 19.65 3.83 4.97
1058 0 20.05 3.87 4.06
1059 0 21.25 4.03 3.29
1060 0 21.45 4.03 2.79
1061 3.7 21.35 3.99 2.83
1062 0 20.45 3.83 2.65
1063 2.9 12.85 2.67 5.2
1064 2.7 10.95 2.37 5.28
1065 0 16.25 3.13 3.78
1066 0 18.45 3.43 2.92
1067 0 18.65 3.43 2.43
1068 0 16.55 3.1 2.1
1069 0 17.25 3.17 2.5
1070 10 14.55 2.77 8.09
1071 3.1 14.35 2.71 7.05
1072 0 15.35 2.83 5.03
1073 3.5 16.15 2.91 17.29
1074 40.5 14.05 2.6 33.21
1075 2.9 14.95 2.7 21.63
1076 8.3 14.85 2.66 19.3
1077 0.2 12.95 2.38 11.73
1078 0.1 12.05 2.24 8.67
1079 6.2 12.55 2.28 9.45
1080 6 15.15 2.59 16.73
1081 12.3 13.15 2.31 17.26
1082 4.3 11.85 2.12 12.91
1083 3.1 11.85 2.1 10.24
1084 0.6 12.15 2.11 8.12
1085 0 12.05 2.08 8.07
1086 10.2 9.95000000000005 1.8 10.36
1087 0 13.95 2.26 7.99
1088 0 16.65 2.55 6.51
1089 0 17.25 2.59 5.5
1090 0 16.95 2.52 4.8
1091 0 17.05 2.5 5.06
1092 10.7 15.85 2.33 9.54
1093 2.5 14.05 2.1 8.36
1094 0.4 14.15 2.09 7.4
1095 0.8 15.05 2.16 6.46
1096 0 12.55 1.86 5.37
1097 1.3 10.65 1.64 4.68
1098 0 10.15 1.56 6.06
1099 10.3 7.75 1.3 9.9
1100 0.5 8.65000000000003 1.37 8.15
1101 3.2 8.65000000000003 1.35 7.22
1102 0.2 9.05000000000001 1.37 5.95
1103 0 9.95000000000005 1.43 5.27
1104 2.6 11.25 1.53 6.73
1105 8 11.55 1.54 7.95
1106 1.2 9.95000000000005 1.36 7.02
1107 0 10.65 1.41 5.85
1108 0 9.35000000000002 1.27 4.87
1109 7.7 9.75 1.28 7.31
1110 0 10.35 1.31 5.95
1111 0 8.15000000000003 1.1 4.73
1112 0 7.55000000000001 1.03 4.25
1113 0 7.55000000000001 1.02 3.74
1114 0 6.85000000000002 0.94 3.63
1115 0 11.75 1.31 3.28
1116 0 13.45 1.41 2.92
1117 0 11.75 1.26 2.83
1118 0.1 8.95000000000005 1.03 2.9
1119 0 8.25 0.96 2.91
1120 0 8.35000000000002 0.95 2.83
1121 8.2 7.95000000000005 0.9 6.95
1122 10.9 8.15000000000003 0.9 9.31
1123 3.7 8.55000000000001 0.9 7.83
1124 0 8.65000000000003 0.89 6.15
1125 0 6.75 0.75 4.87
1126 8.2 6.95000000000005 0.75 5.62
1127 1 6.45000000000005 0.7 6.39
1128 5.8 3.15000000000003 0.49 6.34
1129 0.3 1.35000000000002 0.37 5.52
1130 0 -0.149999999999977 0.28 4.69
1131 0 -0.449999999999989 0.25 4.5
1132 5.4 1.05000000000001 0.33 4.57
1133 8.4 1.45000000000005 0.34 4.93
1134 4 1.95000000000005 0.36 5.35
1135 1 4.25 0.47 6.57
1136 4.9 3.55000000000001 0.43 6.22
1137 0 3.95000000000005 0.43 6.03
1138 2 4.75 0.46 6.58
1139 0.7 5.25 0.47 8.51
1140 17.2 3.45000000000005 0.38 10.54
1141 2.8 4.55000000000001 0.42 12.02
1142 2.7 5.15000000000003 0.43 12.32
1143 3.4 4.75 0.41 13.72
1144 2.7 4.85000000000002 0.4 11.38
1145 0.8 3.45000000000005 0.33 8.96
1146 0 1.75 0.26 7.64
1147 0 5.65000000000003 0.4 10.33
1148 0 6.45000000000005 0.42 10.77
1149 14.1 6.35000000000002 0.4 26.71
1150 0.9 4.25 0.32 16.64
1151 0 1.15000000000003 0.21 11.46
1152 0 0.350000000000023 0.17 8.87
1153 0.1 0.350000000000023 0.17 6.77
1154 0 -0.549999999999955 0.14 6.42
1155 0 2.45000000000005 0.22 6.09
1156 0 2.65000000000003 0.22 5.18
1157 0 -0.449999999999989 0.13 5
1158 0 0.150000000000034 0.14 4.48
1159 0 0.150000000000034 0.14 3.83
1160 0 -1.64999999999998 0.09 3.11
1161 0 -4.44999999999999 0.01 2.06
1162 0 -5.64999999999998 0 2.02
1163 0 -6.34999999999997 0 1.54
1164 2.8 -5.04999999999995 0 2.51
1165 0 -2.04999999999995 0.06 2.68
1166 1 -4.44999999999999 0.01 2.39
1167 2.6 -4.44999999999999 0.01 2.7
1168 10.9 -1.94999999999999 0.06 2.93
1169 0.8 -0.0499999999999545 0.1 2.91
1170 3.7 0.150000000000034 0.1 2.57
1171 0.7 -0.949999999999989 0.07 2.63
1172 4.2 0.350000000000023 0.09 2.59
1173 1.3 -0.75 0.07 2.52
1174 20 -0.849999999999966 0.07 2.96
1175 2.5 -0.949999999999989 0.06 2.85
1176 1.4 -3.25 0.03 3
1177 6.5 0.950000000000045 0.09 3.12
1178 3.8 1.45000000000005 0.09 3.14
1179 0.2 1.65000000000003 0.09 3.03
1180 0 1.55000000000001 0.09 2.85
1181 0.5 0.350000000000023 0.07 2.7
1182 6.2 0.150000000000034 0.07 2.66
1183 2.5 0.150000000000034 0.07 2.6
1184 6.2 -1.25 0.05 1.9
1185 0.2 -3.94999999999999 0.01 2.16
1186 0 -5.84999999999997 0 2.73
1187 0 -4.84999999999997 0 2.92
1188 0 -3.64999999999998 0.02 3.37
1189 0 2.35000000000002 0.08 3.09
1190 0 1.75 0.07 2.6
1191 0.1 4.75 0.1 2.36
1192 0 0.950000000000045 0.06 2.07
1193 9.6 -0.549999999999955 0.04 2
1194 3.3 -1.34999999999997 0.04 2.07
1195 1 -1.64999999999998 0.03 1.98
1196 13.9 -2.84999999999997 0.02 2.35
1197 0.2 1.45000000000005 0.06 2.31
1198 2.9 0.0500000000000114 0.05 2.37
1199 4.1 -0.549999999999955 0.04 2.24
1200 4.3 -0.0499999999999545 0.04 2.17
1201 3.7 -1.54999999999995 0.03 1.85
1202 0 -5.25 0 2.2
1203 0 -5.84999999999997 0 2.55
1204 0 -5.54999999999995 0 3.31
1205 12.8 -4.04999999999995 0.01 2.95
1206 4.3 -0.549999999999955 0.04 2.17
1207 3 0.450000000000045 0.05 2.03
1208 0.7 -0.0499999999999545 0.04 1.91
1209 5.6 0.150000000000034 0.05 1.89
1210 0 -1.64999999999998 0.03 1.67
1211 0 -6.34999999999997 0 2.06
1212 0 -8.94999999999999 0 3.06
1213 0.2 -7.64999999999998 0 3.97
1214 0.2 -4.14999999999998 0.01 2.77
1215 0.3 2.15000000000003 0.07 3.16
1216 0 6.25 0.11 3.3
1217 0 2.65000000000003 0.07 2.58
1218 0 1.85000000000002 0.07 2.38
1219 0 3.65000000000003 0.09 2.2
1220 1.6 1.55000000000001 0.07 1.56
1221 1.1 -0.449999999999989 0.05 1.86
1222 0 -1.64999999999998 0.04 2.14
1223 0.2 -0.0499999999999545 0.05 2.21
1224 3.6 2.05000000000001 0.08 2.38
1225 0 3.55000000000001 0.1 2.07
1226 0 -0.949999999999989 0.05 1.73
1227 0.1 -3.94999999999999 0.01 2.68
1228 3.8 3.35000000000002 0.1 2.14
1229 0 0.450000000000045 0.07 1.94
1230 9 -0.549999999999955 0.06 2.05
1231 9.2 1.15000000000003 0.08 1.91
1232 0.7 1.15000000000003 0.08 1.87
1233 6.2 2.95000000000005 0.11 1.85
1234 5.8 2.45000000000005 0.11 2.02
1235 0 2.05000000000001 0.1 1.8
1236 0 1.65000000000003 0.1 1.62
1237 0 7.35000000000002 0.19 2.85
1238 0 4.95000000000005 0.16 2.78
1239 0 0.950000000000045 0.1 2.61
1240 0 4.65000000000003 0.17 2.38
1241 0 4.35000000000002 0.17 2.15
1242 0 0.950000000000045 0.11 2.1
1243 4.9 1.05000000000001 0.11 2.1
1244 4.8 1.05000000000001 0.12 2.04
1245 6.3 -0.849999999999966 0.08 2.07
1246 0 -1.94999999999999 0.06 1.62
1247 5.1 -4.14999999999998 0.02 2.17
1248 2.3 -2.14999999999998 0.06 1.97
1249 0.3 0.350000000000023 0.12 1.67
1250 0 -0.449999999999989 0.11 1.52
1251 4.8 -4.54999999999995 0.01 1.7
1252 0 -2.75 0.06 2.02
1253 0 3.75 0.23 1.69
1254 0 4.95000000000005 0.27 1.51
1255 0 -1.14999999999998 0.11 1.58
1256 2.8 0.650000000000034 0.16 1.61
1257 8.7 2.85000000000002 0.23 1.49
1258 0 1.55000000000001 0.2 1.44
1259 0 0.450000000000045 0.17 1.48
1260 0 0.850000000000023 0.19 1.41
1261 0 -1.84999999999997 0.1 1.49
1262 1.9 -1.84999999999997 0.11 1.64
1263 17.3 2.05000000000001 0.25 2.17
1264 6.5 2.65000000000003 0.27 2.16
1265 3.2 3.85000000000002 0.33 1.98
1266 0 1.85000000000002 0.26 1.95
1267 0 -1.25 0.15 2.2
1268 11.9 0.0500000000000114 0.2 2.01
1269 6.7 3.95000000000005 0.37 2.39
1270 11.3 2.25 0.31 2.12
1271 0 1.05000000000001 0.26 2.03
1272 0 -0.649999999999977 0.19 2.09
1273 0.4 -2.34999999999997 0.12 2
1274 0 -6.94999999999999 0 2.19
1275 1.1 -6.04999999999995 0 1.91
1276 0.6 -2.44999999999999 0.13 1.72
1277 14 -2.54999999999995 0.12 1.78
1278 4 -0.949999999999989 0.21 1.88
1279 1.6 1.15000000000003 0.33 1.87
1280 4.2 0.150000000000034 0.28 1.82
1281 0.9 -1.44999999999999 0.2 1.78
1282 0 -3.64999999999998 0.08 1.71
1283 0 -4.75 0.01 1.72
1284 6.7 -1.94999999999999 0.18 1.71
1285 4.7 2.35000000000002 0.45 1.93
1286 0.1 2.05000000000001 0.44 1.8
1287 5.8 0.850000000000023 0.37 1.77
1288 0.2 2.35000000000002 0.48 1.56
1289 2.5 1.15000000000003 0.41 1.47
1290 0.8 -3.14999999999998 0.13 1.43
1291 3.9 -2.14999999999998 0.2 1.7
1292 4.5 2.15000000000003 0.5 1.68
1293 0.1 2.35000000000002 0.53 1.72
1294 0 4.35000000000002 0.69 1.6
1295 0 2.65000000000003 0.57 1.48
1296 0.1 1.95000000000005 0.53 1.43
1297 0 -1.34999999999997 0.28 1.42
1298 0 -2.34999999999997 0.21 1.48
1299 0 -0.449999999999989 0.37 1.39
1300 0 2.45000000000005 0.61 1.28
1301 0 3.65000000000003 0.72 1.35
1302 0 5.65000000000003 0.91 1.94
1303 0 5.05000000000001 0.87 2.3
1304 0 3.85000000000002 0.78 2.32
1305 0 0.25 0.47 1.97
1306 0.2 0.450000000000045 0.5 1.89
1307 0 0.75 0.53 1.78
1308 0 4.65000000000003 0.91 1.75
1309 0 5.35000000000002 0.99 1.77
1310 1.9 1.55000000000001 0.64 1.51
1311 0 -0.349999999999966 0.46 1.49
1312 0 0.75 0.58 1.48
1313 0 3.05000000000001 0.82 1.62
1314 0.4 5.85000000000002 1.12 2.19
1315 0 4.55000000000001 1 2.5
1316 0 5.85000000000002 1.15 2.81
1317 0 2.55000000000001 0.81 2.54
1318 0 2.85000000000002 0.86 2.44
1319 1.2 2.25 0.8 2.42
1320 0 3.75 0.98 2.46
1321 0 1.55000000000001 0.74 2.23
1322 0 5.35000000000002 1.19 2.81
1323 0 8.25 1.54 4.35
1324 0 2.95000000000005 0.94 3.83
1325 0 2.65000000000003 0.91 3.6
1326 0 3.75 1.05 4.19
1327 0 7.05000000000001 1.47 6.37
1328 0 8.75 1.7 9.1
1329 0 9.35000000000002 1.79 10.89
1330 0 9.45000000000005 1.82 12.97
1331 0 9.35000000000002 1.83 12.06
1332 0 5.75 1.39 10.03
1333 0 5.95000000000005 1.43 10.37
1334 5.5 7.05000000000001 1.58 12.54
1335 9.7 3.15000000000003 1.08 9.54
1336 0 2.15000000000003 0.96 7.23
1337 0 3.25 1.12 5.97
1338 4.6 2.25 0.99 5.47
1339 0 3.65000000000003 1.19 5.49
1340 0 6.15000000000003 1.55 6.61
1341 0 6.05000000000001 1.55 7.12
1342 0 4.25 1.31 6.76
1343 0 5.85000000000002 1.55 7.31
1344 0 7.25 1.76 8.69
1345 0 7.15000000000003 1.76 8.1
1346 0 6.35000000000002 1.66 9.27
1347 4.2 6.55000000000001 1.7 9.28
1348 1.3 1.65000000000003 0.99 6.89
1349 0 2.85000000000002 1.17 5.86
1350 0.1 1.75 1.02 4.94
1351 0 2.85000000000002 1.19 4.6
1352 0 4.15000000000003 1.4 4.39
1353 0 4.15000000000003 1.41 4.29
1354 0 4.45000000000005 1.46 4.27
1355 0 5.45000000000005 1.63 5.05
1356 0 6.65000000000003 1.82 6.19
1357 0 6.65000000000003 1.83 7.36
1358 0 8.25 2.1 11.91
1359 0 11.25 2.59 16.47
1360 13.8 8.55000000000001 2.17 31.14
1361 6.3 7.95000000000005 2.08 29.95
1362 1 8.75 2.22 29.96
1363 0 12.05 2.77 31.07
1364 0 10.65 2.55 30.55
1365 0 8.65000000000003 2.24 28.03
1366 0 9.85000000000002 2.44 27.54
1367 0 12.35 2.87 33.54
1368 0 14.75 3.27 43.97
1369 0 15.35 3.39 49.81
1370 0 16.35 3.56 51.87
1371 0 16.05 3.53 54.4
1372 3 14.35 3.25 60.96
1373 3.8 10.55 2.62 76.76
1374 22.2 9.15000000000003 2.39 81.58
1375 13.2 8.45000000000005 2.28 87.28
1376 1.5 9.15000000000003 2.4 61.24
1377 0 10.35 2.61 45.12
1378 0 10.55 2.65 42.99
1379 0 13.05 3.08 46.65
1380 0 17.35 3.82 54.04
1381 0 17.85 3.91 50.03
1382 0 17.35 3.83 40.46
1383 0 17.15 3.8 31.45
1384 0 18.85 4.1 29.08
1385 0.1 19.15 4.15 28.92
1386 0.7 18.25 4 25.64
1387 0 19.65 4.24 24.13
1388 0 21.35 4.53 23.3
1389 8.8 18.95 4.12 51.54
1390 21.9 14.35 3.33 40.33
1391 0.1 14.35 3.33 23.98
1392 0 18.05 3.96 18.33
1393 0 20.65 4.41 14.98
1394 0 20.85 4.44 12.71
1395 0 19.95 4.28 12.97
1396 21.1 19.25 4.15 48.66
1397 10.2 15.15 3.44 29.15
1398 7 13.25 3.11 27.91
1399 8 12.85 3.04 23.87
1400 0 11.55 2.81 15.5
1401 0 11.15 2.74 12.67
1402 5 8.95000000000005 2.36 11.98
1403 1.3 11.95 2.86 23.46
1404 16.9 11.25 2.74 20.94
1405 0 11.65 2.79 13.8
1406 1.2 8.95000000000005 2.33 11.28
1407 0.2 11.55 2.76 8.97
1408 0 11.85 2.8 8.42
1409 1.7 11.05 2.66 8.32
1410 0 12.15 2.83 6.56
1411 0.2 12.95 2.95 5.88
1412 1.6 13.15 2.97 6.68
1413 10 12.15 2.79 11.34
1414 0.1 13.35 2.98 7.88
1415 0 15.15 3.25 6.44
1416 1.2 14.95 3.2 7.32
1417 7 14.75 3.16 12.1
1418 2.8 13.55 2.95 9.06
1419 0 12.75 2.81 6.6
1420 0 12.05 2.68 5.28
1421 0 11.65 2.6 4.42
1422 0 12.65 2.74 3.86
1423 0 13.45 2.85 3.36
1424 0.4 14.85 3.05 11.28
1425 26.9 13.15 2.77 21.94
1426 10.5 14.05 2.89 50.07
1427 14.3 12.45 2.63 34
1428 2.9 13.05 2.7 19.91
1429 0 14.85 2.94 13.76
1430 0 16.85 3.22 10.31
1431 0.1 17.15 3.24 14.47
1432 22.4 13.55 2.69 23.35
1433 0 12.65 2.54 13.6
1434 4.2 12.85 2.55 13.34
1435 2.1 13.25 2.58 12.97
1436 0 16.35 2.99 9.98
1437 0 16.65 3.01 8.3
1438 0 17.45 3.09 6.85
1439 0 15.85 2.85 5.93
1440 0 15.15 2.73 5.33
1441 0 17.55 3.02 4.73
1442 0.1 18.75 3.15 4.39
1443 0 17.95 3.02 3.86
1444 0 18.25 3.02 3.34
1445 0 18.65 3.04 2.93
1446 0 18.45 2.99 2.63
1447 0 18.25 2.93 2.39
1448 0.1 16.55 2.69 2.29
1449 1.1 16.85 2.69 2.97
1450 1.4 17.45 2.74 4.04
1451 16.5 16.05 2.54 7.86
1452 0.8 15.15 2.4 5.27
1453 0 12.45 2.05 3.95
1454 0 10.15 1.76 3.11
1455 0.1 10.75 1.81 2.69
1456 0 10.35 1.74 2.42
1457 1.2 11.45 1.84 2.6
1458 5.5 11.05 1.77 3.13
1459 0 11.25 1.77 2.67
1460 0.1 10.95 1.72 2.53
1461 0 10.75 1.67 2.31
1462 0 11.55 1.73 2.12
1463 0 11.65 1.72 2.3
1464 8.2 10.85 1.61 4.6
1465 0 11.45 1.65 3.34
1466 0.1 9.25 1.41 2.84
1467 0 9.05000000000001 1.37 2.59
1468 0 10.35 1.47 2.41
1469 2.1 12.55 1.65 2.8
1470 1.6 10.05 1.4 2.89
1471 0 8.45000000000005 1.23 2.39
1472 2.1 8.45000000000005 1.21 2.8
1473 1 8.45000000000005 1.19 2.87
1474 0 11.25 1.41 2.49
1475 0.1 14.25 1.64 2.28
1476 0 13.85 1.58 2.19
1477 0 10.05 1.24 1.93
1478 0 8.55000000000001 1.1 1.8
1479 0 12.15 1.36 1.72
1480 0.1 10.55 1.21 1.62
1481 0 11.55 1.27 1.58
1482 0 13.05 1.36 1.48
1483 0.5 11.75 1.24 1.64
1484 29.6 12.65 1.28 18.32
1485 13.3 9.65000000000003 1.04 12.19
1486 23 7.45000000000005 0.87 22.45
1487 3.3 8.25 0.9 19.8
1488 0.1 9.95000000000005 1 14.81
1489 0.3 11.75 1.09 12.45
1490 4.4 10.25 0.98 13.35
1491 8.7 10.95 1 21.35
1492 3.3 9.75 0.9 20.48
1493 2.7 10.15 0.91 26.58
1494 4.8 10.75 0.92 75.92
1495 24.9 11.05 0.92 80.52
1496 0.4 10.05 0.84 41.02
1497 2.4 9.15000000000003 0.77 30.22
1498 2.3 9.25 0.76 24.32
1499 6.6 8.35000000000002 0.7 28.66
1500 4 6.95000000000005 0.61 25.71
1501 12.1 5.45000000000005 0.52 26.02
1502 0 6.85000000000002 0.57 19.25
1503 0 4.45000000000005 0.45 15.16
1504 0 4.55000000000001 0.44 12.54
1505 0 2.75 0.35 10.76
1506 0 4.15000000000003 0.4 10.03
1507 0 3.75 0.37 9.24
1508 0 5.25 0.43 7.51
1509 0 3.85000000000002 0.36 6.48
1510 7.3 2.05000000000001 0.28 7.5
1511 13.3 0.550000000000011 0.21 8.44
1512 9.1 2.85000000000002 0.29 15.9
1513 0 4.55000000000001 0.35 13.74
1514 1.5 3.85000000000002 0.31 11.31
1515 3.1 4.95000000000005 0.34 45.69
1516 8.8 6.35000000000002 0.38 29.38
1517 3.1 5.25 0.33 23.63
1518 7.9 5.05000000000001 0.32 21.63
1519 4.7 5.35000000000002 0.32 17.42
1520 0 2.95000000000005 0.24 13.72
1521 3.4 2.85000000000002 0.23 13.67
1522 4.4 4.45000000000005 0.26 19.69
1523 14.4 7.45000000000005 0.34 41.97
1524 1.2 6.25 0.3 25.47
1525 0 3.75 0.22 17.56
1526 0 5.15000000000003 0.25 14.55
1527 0 11.55 0.4 16.62
1528 0 9.15000000000003 0.33 14.3
1529 0 6.25 0.25 12.05
1530 0 3.55000000000001 0.19 10.36
1531 0 -0.449999999999989 0.1 8.92
1532 0 0.150000000000034 0.11 8.46
1533 0.8 2.25 0.14 8.24
1534 1.5 4.25 0.18 8.41
1535 6.8 3.35000000000002 0.16 8.64
1536 7.7 3.25 0.15 16.3
1537 28.2 7.85000000000002 0.23 66.55
1538 5.7 5.25 0.17 30.44
1539 0.2 4.05000000000001 0.15 23.38
1540 3.4 8.05000000000001 0.21 19.06
1541 0 1.95000000000005 0.11 8.8
1542 4.5 -0.549999999999955 0.07 11.3
1543 2.8 2.25 0.11 9.82
1544 0 3.85000000000002 0.13 9.19
1545 0 2.05000000000001 0.1 10.11
1546 0.3 2.35000000000002 0.1 10.32
1547 0 4.75 0.13 9.12
1548 0 -0.449999999999989 0.06 6.62
1549 0 -3.54999999999995 0.02 5.69
1550 0 -3.75 0.02 6.04
1551 0 -3.54999999999995 0.02 5.94
1552 4.5 -0.549999999999955 0.05 5.18
1553 0 -2.34999999999997 0.03 4.73
1554 6.5 -2.04999999999995 0.03 5.24
1555 9.2 0.0500000000000114 0.05 5.03
1556 1.3 -0.649999999999977 0.05 5.18
1557 2.1 0.0500000000000114 0.05 5.17
1558 4.6 0.75 0.06 5.04
1559 6 1.45000000000005 0.06 5.07
1560 6.2 0.950000000000045 0.06 4.89
1561 1.2 0.550000000000011 0.05 4.67
1562 4.4 0.450000000000045 0.05 4.45
1563 2.5 -0.0499999999999545 0.05 4.35
1564 0.4 0.25 0.05 4.24
1565 5.4 0.450000000000045 0.05 4.13
1566 5 0.650000000000034 0.05 4.09
1567 2.4 0.0500000000000114 0.05 3.44
1568 1.8 -1.54999999999995 0.03 4.32
1569 18.6 0.0500000000000114 0.04 4.02
1570 4.2 -0.25 0.04 4.71
1571 10.3 3.15000000000003 0.07 6.45
1572 1.1 3.35000000000002 0.07 5.72
1573 6.9 1.55000000000001 0.06 5.25
1574 2.4 1.45000000000005 0.06 4.32
1575 0 0.0500000000000114 0.04 3.39
1576 0 -3.25 0.02 3.43
1577 0 -5.25 0 4.39
1578 17.8 -3.54999999999995 0.01 4.72
1579 17.4 0.950000000000045 0.05 4.12
1580 1.6 -0.0499999999999545 0.05 4.19
1581 10.9 0.450000000000045 0.05 4.85
1582 1.2 0.350000000000023 0.05 4.74
1583 4.5 -1.64999999999998 0.03 4.15
1584 0.5 -3.14999999999998 0.02 3.77
1585 0 -2.44999999999999 0.03 3.26
1586 0 -8.64999999999998 0 3.26
1587 0 -8.64999999999998 0 3.43
1588 0 -12.25 0 3.46
1589 0 -15.65 0 4.92
1590 0 -14.05 0 6.96
1591 0 -14.15 0 7.9
1592 0.1 -12.65 0 9.35
1593 0.2 -9.54999999999995 0 9.32
1594 0.7 -10.45 0 9.76
1595 4.7 -4.44999999999999 0.01 8.63
1596 1.4 -7.54999999999995 0 7.96
1597 0 -13.75 0 10.3
1598 0 -13.85 0 12.63
1599 0 -13.85 0 10.26
1600 0 -9.34999999999997 0 5.12
1601 3.7 -7.54999999999995 0 3.05
1602 1.5 -4.04999999999995 0.01 2.98
1603 6.6 -1.84999999999997 0.05 2.56
1604 30.2 0.650000000000034 0.09 2.41
1605 11.1 0.75 0.1 2.28
1606 0.1 -3.34999999999997 0.03 2.25
1607 0 -10.35 0 2.53
1608 0 -12.25 0 2.49
1609 0 -11.55 0 2.25
1610 0 -13.35 0 2.1
1611 0 -14.85 0 1.95
1612 0 -14.15 0 1.88
1613 0 -10.15 0 1.78
1614 0 -10.55 0 1.71
1615 0 -14.05 0 1.63
1616 0.3 -11.35 0 1.6
1617 0.1 -11.35 0 1.54
1618 0 -15.35 0 1.49
1619 0.1 -12.15 0 1.45
1620 0 -12.25 0 1.41
1621 0 -12.85 0 1.37
1622 0.8 -8.84999999999997 0 1.35
1623 0 -11.95 0 1.27
1624 0 -12.65 0 1.21
1625 0 -16.05 0 1.17
1626 0 -13.95 0 1.14
1627 0 -13.05 0 1.12
1628 0.5 -12.15 0 1.14
1629 5.2 -8.04999999999995 0 1.14
1630 8.7 -4.84999999999997 0.01 1.19
1631 4.2 -3.34999999999997 0.06 1.21
1632 5.7 -2.54999999999995 0.09 1.21
1633 0.9 -0.149999999999977 0.19 1.21
1634 4.7 2.25 0.29 1.52
1635 0.1 2.55000000000001 0.31 2.01
1636 0.6 1.55000000000001 0.28 1.93
1637 0.2 2.85000000000002 0.34 1.78
1638 0 3.75 0.39 2
1639 0 5.35000000000002 0.47 1.86
1640 0 3.95000000000005 0.42 1.7
1641 0 5.65000000000003 0.51 1.87
1642 0 4.25 0.46 1.8
1643 0 5.85000000000002 0.55 1.85
1644 0 2.75 0.4 1.81
1645 0 1.75 0.36 1.6
1646 0 -2.34999999999997 0.14 1.67
1647 0 0.850000000000023 0.33 1.51
1648 0 3.15000000000003 0.46 1.33
1649 0 -3.04999999999995 0.11 1.42
1650 0 -2.34999999999997 0.16 1.26
1651 0 1.25 0.38 1.07
1652 47.3 -1.75 0.2 1.17
1653 15.4 -0.349999999999966 0.3 1.25
1654 0.1 -0.349999999999966 0.3 1.24
1655 0 -0.75 0.28 1.27
1656 1.2 0.350000000000023 0.36 1.27
1657 0 1.75 0.47 1.2
1658 1 -0.949999999999989 0.29 1.16
1659 0 -1.34999999999997 0.26 1.12
1660 0 1.85000000000002 0.5 1.06
1661 0 2.05000000000001 0.53 1.04
1662 0 5.25 0.78 0.93
1663 0 2.95000000000005 0.62 0.96
1664 0 5.85000000000002 0.86 1.12
1665 0 5.15000000000003 0.82 1.32
1666 0 3.95000000000005 0.74 1.34
1667 0.1 3.75 0.73 1.31
1668 4.5 4.05000000000001 0.77 1.69
1669 0 1.65000000000003 0.58 1.56
1670 0.3 2.25 0.64 1.97
1671 0 7.95000000000005 1.16 5.13
1672 0 8.65000000000003 1.24 9.53
1673 0.3 2.95000000000005 0.74 8.17
1674 0 4.65000000000003 0.91 6.32
1675 0 3.15000000000003 0.78 5.25
1676 0 5.15000000000003 0.99 4.82
1677 0.5 3.35000000000002 0.82 4.14
1678 0 1.15000000000003 0.62 3.53
1679 0 1.75 0.69 3.17
1680 3 -0.449999999999989 0.47 2.82
1681 1.9 1.35000000000002 0.66 2.59
1682 0.1 2.05000000000001 0.75 2.23
1683 0 0.950000000000045 0.64 2.19
1684 6.8 1.55000000000001 0.71 2.2
1685 5.8 0.850000000000023 0.65 2.1
1686 0 0.950000000000045 0.67 2
1687 0 3.65000000000003 0.98 1.99
1688 0 3.85000000000002 1.02 2.06
1689 0 4.95000000000005 1.16 2.3
1690 0 6.85000000000002 1.39 2.95
1691 0 7.65000000000003 1.51 4.17
1692 0 8.05000000000001 1.57 5.9
1693 0 9.15000000000003 1.73 6.78
1694 0 5.25 1.26 5.37
1695 0 4.15000000000003 1.14 4.71
1696 0 3.05000000000001 1.02 4.12
1697 0 1.95000000000005 0.89 3.72
1698 0 3.55000000000001 1.1 3.57
1699 0 3.35000000000002 1.09 3.54
1700 0 4.25 1.22 3.49
1701 0.2 4.35000000000002 1.24 3.32
1702 0.1 3.65000000000003 1.16 3.67
1703 0 4.45000000000005 1.28 3.9
1704 0 5.55000000000001 1.44 3.98
1705 1.7 5.75 1.48 4.35
1706 0.1 4.05000000000001 1.26 4.46
1707 7.8 3.25 1.16 3.97
1708 9.5 2.15000000000003 1.01 3.52
1709 0 3.15000000000003 1.16 3.26
1710 0 4.75 1.4 3.39
1711 1 6.85000000000002 1.72 4
1712 7.4 4.35000000000002 1.37 6.28
1713 6.7 6.65000000000003 1.72 13.57
1714 0 9.75 2.19 18.01
1715 5.2 7.95000000000005 1.94 27.52
1716 4.7 14.05 2.87 48.32
1717 1.3 13.35 2.78 54.79
1718 4.9 9.05000000000001 2.15 49.73
1719 1.8 8.05000000000001 2.01 45.08
1720 2.2 8.05000000000001 2.02 40.43
1721 0 9.45000000000005 2.25 37.61
1722 0 11.05 2.51 36.63
1723 0 9.15000000000003 2.23 34.95
1724 0.3 8.85000000000002 2.19 34.36
1725 5 8.35000000000002 2.13 37.88
1726 3.9 9.05000000000001 2.25 48.03
1727 5.4 8.85000000000002 2.23 47.89
1728 4.8 8.85000000000002 2.24 73.93
1729 13.5 8.35000000000002 2.17 56.55
1730 0 10.85 2.59 47.76
1731 0 15.15 3.3 50.86
1732 0 17.25 3.66 56.21
1733 0 19.05 3.97 53.4
1734 0 19.45 4.05 45.86
1735 0 17.65 3.77 40.24
1736 0 15.85 3.48 34.65
1737 0 15.45 3.42 28.27
1738 0 15.55 3.45 23.97
1739 0 17.85 3.85 20.73
1740 0 15.25 3.42 18.64
1741 1.5 15.85 3.53 16.13
1742 0 16.25 3.61 13.75
1743 0.2 18.15 3.94 12.82
1744 0.5 16.35 3.64 12.23
1745 0 15.95 3.58 11.16
1746 0 12.65 3.02 8.73
1747 0 14.95 3.42 11.09
1748 4.5 12.15 2.94 10.54
1749 0 12.55 3.01 7.79
1750 0 13.95 3.26 6.73
1751 4 16.95 3.77 7.11
1752 1.8 16.35 3.67 12.08
1753 5.7 12.45 3 15.53
1754 8.9 14.45 3.35 17.59
1755 0.4 15.85 3.59 11.6
1756 0 14.45 3.35 8.73
1757 0 17.85 3.93 6.8
1758 0 17.75 3.91 6.64
1759 0 17.75 3.91 7.01
1760 6.3 17.75 3.9 6.38
1761 0.1 18.45 4.02 4.59
1762 0 19.65 4.22 4.39
1763 8.6 18.35 3.99 8.39
1764 0 16.05 3.59 4.82
1765 0.1 18.35 3.98 3.37
1766 0 19.05 4.09 2.7
1767 0 20.85 4.38 3.51
1768 20.6 17.95 3.88 8.04
1769 8.1 16.85 3.69 11.96
1770 14.4 15.85 3.51 15.86
1771 1.6 15.35 3.42 12.04
1772 2.9 15.25 3.39 9.65
1773 0.8 15.55 3.43 9.07
1774 0.8 14.75 3.28 8.47
1775 0 17.15 3.67 6.13
1776 0 17.75 3.75 4.94
1777 0 19.55 4.03 5.23
1778 1.1 18.85 3.9 5.85
1779 0 19.35 3.97 4.08
1780 0 20.25 4.1 3.2
1781 0 18.95 3.87 2.65
1782 0 13.95 3.04 2.22
1783 0 17.65 3.62 1.96
1784 0 16.95 3.49 1.71
1785 0 17.35 3.53 1.52
1786 0 20.75 4.05 1.33
1787 0 19.65 3.85 1.21
1788 0 19.65 3.83 1.1
1789 0 19.65 3.81 1.04
1790 7.2 19.15 3.71 2.88
1791 30.7 16.55 3.29 15.55
1792 25.3 15.75 3.14 26.62
1793 13.4 13.65 2.81 16.82
1794 0 18.35 3.49 10.78
1795 11 13.95 2.81 10.62
1796 0 11.15 2.38 7.72
1797 0.3 13.95 2.77 6.84
1798 0 12.95 2.6 5.69
1799 0 14.05 2.74 4.77
1800 0 13.35 2.62 4.27
1801 0 14.75 2.79 4.45
1802 1 13.95 2.66 7.14
1803 0 13.95 2.63 5.57
1804 0 14.45 2.68 5.34
1805 1.2 15.65 2.82 5.75
1806 0 15.45 2.77 5
1807 1.6 16.15 2.83 4.72
1808 1.8 13.25 2.42 5.24
1809 0.8 13.65 2.45 4.09
1810 0 13.15 2.36 3.45
1811 1.2 13.15 2.34 3.14
1812 0 15.35 2.59 2.75
1813 0.1 12.55 2.21 2.58
1814 0 13.65 2.32 2.17
1815 0 12.95 2.21 1.93
1816 0 12.95 2.19 1.8
1817 0 13.75 2.26 1.66
1818 0 15.15 2.4 1.53
1819 0 17.55 2.65 1.51
1820 0 15.95 2.43 1.26
1821 0 14.05 2.19 1.12
1822 0 13.25 2.07 1.09
1823 0 14.75 2.21 1.04
1824 0 15.45 2.26 0.97
1825 0 15.95 2.28 0.91
1826 0 15.55 2.21 0.84
1827 0 15.65 2.19 0.79
1828 0 16.35 2.23 0.75
1829 0 13.15 1.87 0.67
1830 0.1 10.75 1.6 0.7
1831 0 12.25 1.73 0.68
1832 0 12.05 1.68 0.67
1833 0 14.85 1.93 0.69
1834 0 15.95 2.01 0.68
1835 0 15.75 1.96 0.66
1836 0 15.75 1.92 0.69
1837 0.9 14.75 1.8 0.79
1838 0.1 14.05 1.71 0.83
1839 0 10.45 1.36 0.76
1840 0 11.25 1.41 0.7
1841 6 11.95 1.45 0.83
1842 0.1 8.45000000000005 1.13 1.1
1843 0 8.55000000000001 1.12 0.95
1844 0 8.85000000000002 1.12 0.98
1845 0 8.05000000000001 1.04 1
1846 0 8.35000000000002 1.04 0.96
1847 0.2 9.45000000000005 1.11 0.93
1848 0 12.85 1.34 0.93
1849 0 9.25 1.05 1.23
1850 0 9.05000000000001 1.02 1.13
1851 0 9.35000000000002 1.02 0.92
1852 1 11.85 1.17 2.01
1853 44.3 11.25 1.11 17.25
1854 0.3 9.05000000000001 0.94 8.05
1855 4.7 10.05 0.98 10.56
1856 12.2 8.85000000000002 0.89 16.88
1857 20.6 9.95000000000005 0.94 19.71
1858 8.8 9.15000000000003 0.87 46.66
1859 24.1 9.85000000000002 0.89 30.11
1860 2.8 9.85000000000002 0.87 20.08
1861 2.4 9.35000000000002 0.82 15.29
1862 0 8.15000000000003 0.74 11.71
1863 0.1 9.05000000000001 0.77 9.82
1864 3.3 11.15 0.86 9.28
1865 0.8 10.45 0.81 10.94
1866 6.2 6.45000000000005 0.58 10.52
1867 0.1 4.75 0.48 8.06
1868 0 4.65000000000003 0.47 6.73
1869 0 3.85000000000002 0.42 6.7
1870 0.5 8.45000000000005 0.62 6.39
1871 0 5.35000000000002 0.47 5.26
1872 0 4.45000000000005 0.41 4.52
1873 0 1.95000000000005 0.3 3.95
1874 4 1.75 0.28 4.48
1875 2.6 2.05000000000001 0.29 8.65
1876 0.1 4.85000000000002 0.39 8.54
1877 0 4.55000000000001 0.37 4.53
1878 0 5.75 0.4 4.16
1879 0 4.15000000000003 0.33 4.72
1880 0.5 7.55000000000001 0.44 5.17
1881 1.8 6.55000000000001 0.4 5.12
1882 0.8 4.65000000000003 0.32 5.07
1883 1.1 8.25 0.43 6.17
1884 1.1 10.85 0.5 6.07
1885 8.8 9.55000000000001 0.44 7.65
1886 25.3 8.35000000000002 0.4 20.1
1887 12.5 6.75 0.34 31.73
1888 34.5 7.35000000000002 0.35 37.04
1889 7.7 5.85000000000002 0.29 23.44
1890 0 2.35000000000002 0.19 15.26
1891 0 0.950000000000045 0.15 11.44
1892 0.3 3.55000000000001 0.21 8.94
1893 9.3 2.95000000000005 0.19 9.03
1894 0.7 2.05000000000001 0.16 8.27
1895 3.6 2.15000000000003 0.16 7.73
1896 0.7 3.55000000000001 0.19 7.34
1897 0.1 1.75 0.14 6.14
1898 0 3.95000000000005 0.18 6.38
1899 1.5 1.75 0.13 5.83
1900 0.1 0.650000000000034 0.11 4.52
1901 0 -1.04999999999995 0.07 5.02
1902 0 1.15000000000003 0.11 5.25
1903 4.7 4.25 0.16 6
1904 0 2.25 0.12 5.26
1905 0 5.75 0.18 8.36
1906 0 7.75 0.2 7.64
1907 0.8 3.05000000000001 0.13 6.03
1908 0 -0.149999999999977 0.07 4.5
1909 0 3.15000000000003 0.12 4.45
1910 0 6.85000000000002 0.17 4.35
1911 0 2.35000000000002 0.1 3.18
1912 0 -1.75 0.04 2.57
1913 0 -2.94999999999999 0.03 2.61
1914 1.9 -3.34999999999997 0.02 2.09
1915 0 -6.84999999999997 0 1.26
1916 8 -8.54999999999995 0 1.71
1917 0.4 -7.64999999999998 0 2.38
1918 0 -7.54999999999995 0 3.26
1919 0 -7.14999999999998 0 3.73
1920 2.7 -7.84999999999997 0 3.53
1921 0.2 -6.14999999999998 0 3.59
1922 0.1 -7.34999999999997 0 3.22
1923 5.7 -9.64999999999998 0 3
1924 4.3 -7.94999999999999 0 2.94
1925 2 -4.84999999999997 0 2.92
1926 2.5 -2.64999999999998 0.02 2.65
1927 1.5 -1.84999999999997 0.03 2.47
1928 3.3 -2.34999999999997 0.02 2.29
1929 0.2 -2.14999999999998 0.03 2.2
1930 0.3 -2.04999999999995 0.03 2.1
1931 0 -1.84999999999997 0.03 2.08
1932 0 3.05000000000001 0.07 2.09
1933 0 3.55000000000001 0.08 2.02
1934 0 5.15000000000003 0.09 2.57
1935 0 7.55000000000001 0.11 2.55
1936 0 0.75 0.05 1.68
1937 0 -4.14999999999998 0.01 1.56
1938 0 -5.64999999999998 0 2.32
1939 0 -6.54999999999995 0 1.96
1940 1.9 -6.34999999999997 0 1.79
1941 0 -7.34999999999997 0 2.08
1942 0 -5.34999999999997 0 2.69
1943 0 -6.64999999999998 0 2.75
1944 2.8 -8.04999999999995 0 3.61
1945 0 -5.94999999999999 0 2.72
1946 7.6 -7.04999999999995 0 2.99
1947 0.1 -2.44999999999999 0.02 1.89
1948 0 0.850000000000023 0.06 1.41
1949 5.3 -0.849999999999966 0.04 1.5
1950 0.1 -2.44999999999999 0.03 1.4
1951 0.6 -2.84999999999997 0.02 1.32
1952 1 -5.34999999999997 0 1.29
1953 0 -4.25 0.01 1.12
1954 1.4 -8.04999999999995 0 1.17
1955 2.7 -5.25 0 1.19
1956 0 -4.54999999999995 0.01 1.19
1957 2 -2.25 0.03 1.16
1958 1.3 -1.34999999999997 0.04 1.13
1959 1.6 -1.54999999999995 0.04 1.03
1960 0 4.95000000000005 0.12 1.29
1961 1.9 7.95000000000005 0.17 1.41
1962 0 0.75 0.08 1.26
1963 0 -1.64999999999998 0.05 1.25
1964 1.1 1.35000000000002 0.09 1.11
1965 0 0.150000000000034 0.07 1.21
1966 0 3.45000000000005 0.13 1.25
1967 0 0.450000000000045 0.08 1.14
1968 0 -1.54999999999995 0.05 1.26
1969 0 0.850000000000023 0.09 1.1
1970 0 2.05000000000001 0.12 1.06
1971 0 2.75 0.13 1.02
1972 0 5.15000000000003 0.18 0.98
1973 0.1 1.95000000000005 0.13 0.96
1974 0 2.55000000000001 0.14 0.93
1975 0.1 3.05000000000001 0.16 0.81
1976 0 0.0500000000000114 0.1 0.9
1977 0.8 3.25 0.17 0.84
1978 0 -1.94999999999999 0.07 0.85
1979 0 -4.14999999999998 0.02 1.07
1980 5.3 -4.64999999999998 0.01 1
1981 1.1 -4.44999999999999 0.01 1.03
1982 5 -2.14999999999998 0.07 0.9
1983 1.7 -2.25 0.07 0.9
1984 1.9 -0.649999999999977 0.11 0.83
1985 0 0.25 0.14 0.81
1986 0 1.75 0.19 0.79
1987 0 2.85000000000002 0.22 0.78
1988 1.5 0.950000000000045 0.17 0.76
1989 0 -0.549999999999955 0.13 0.95
1990 0.1 -1.64999999999998 0.1 0.85
1991 5.9 1.65000000000003 0.21 0.84
1992 8.1 3.05000000000001 0.26 0.89
1993 9.2 0.150000000000034 0.17 0.97
1994 5.8 -0.75 0.15 1.04
1995 0 -1.64999999999998 0.12 1.01
1996 0.1 -1.84999999999997 0.12 0.92
1997 0 -1.04999999999995 0.15 0.78
1998 0 -3.04999999999995 0.08 1.07
1999 8.7 -3.25 0.07 0.92
2000 0.1 -1.14999999999998 0.16 0.92
2001 0 -4.25 0.03 0.91
2002 14.4 0.850000000000023 0.25 0.86
2003 0 -1.75 0.14 0.92
2004 0 -2.14999999999998 0.13 0.94
2005 0 -2.54999999999995 0.11 0.9
2006 0 -0.849999999999966 0.2 0.88
2007 1.5 0.650000000000034 0.28 0.8
2008 0 1.15000000000003 0.31 0.82
2009 0 1.75 0.35 0.78
2010 0 -2.84999999999997 0.11 0.84
2011 0 -4.14999999999998 0.05 0.85
2012 0 -1.04999999999995 0.22 0.76
2013 0 1.35000000000002 0.36 0.7
2014 0 0.950000000000045 0.35 0.69
2015 0 -1.34999999999997 0.22 0.72
2016 0 -1.14999999999998 0.23 0.65
2017 0 0.450000000000045 0.34 0.64
2018 0 -1.25 0.24 0.64
2019 0 -0.949999999999989 0.26 0.62
2020 0 0.850000000000023 0.39 0.61
2021 0 0.550000000000011 0.38 0.6
2022 0 0.0500000000000114 0.35 0.58
2023 0 2.35000000000002 0.52 0.58
2024 4.9 -0.149999999999977 0.35 0.58
2025 0 1.55000000000001 0.48 0.59
2026 0 3.75 0.66 0.67
2027 0 2.35000000000002 0.56 0.7
2028 0 2.65000000000003 0.59 0.69
2029 0 1.55000000000001 0.52 0.7
2030 0 3.85000000000002 0.71 0.79
2031 0 6.45000000000005 0.94 0.9
2032 0 8.25 1.11 1.01
2033 0 5.65000000000003 0.91 0.93
2034 0 8.55000000000001 1.17 1.06
2035 0 2.95000000000005 0.7 1.04
2036 1.7 -1.25 0.34 1.01
2037 0 -1.64999999999998 0.31 1.05
2038 0 -1.75 0.3 0.98
2039 0 -1.75 0.31 0.96
2040 0 0.550000000000011 0.53 0.88
2041 0.6 2.95000000000005 0.77 0.82
2042 0.5 0.350000000000023 0.53 0.72
2043 0 -0.649999999999977 0.44 0.76
2044 0 -0.75 0.43 0.75
2045 1.3 1.05000000000001 0.62 0.69
2046 0 1.15000000000003 0.64 0.64
2047 0 3.55000000000001 0.91 0.62
2048 0 3.45000000000005 0.91 0.63
2049 0 1.85000000000002 0.75 0.64
2050 0 3.95000000000005 0.99 0.67
2051 9.4 1.15000000000003 0.69 0.69
2052 0 3.65000000000003 0.98 0.79
2053 0 5.05000000000001 1.15 0.96
2054 0 5.95000000000005 1.27 1.17
2055 0 6.85000000000002 1.39 1.87
2056 0 7.15000000000003 1.45 3.08
2057 0 7.95000000000005 1.56 5.1
2058 0 9.55000000000001 1.77 8.17
2059 0 9.55000000000001 1.79 10.96
2060 0 11.15 2.01 12.42
2061 0 8.15000000000003 1.66 10.53
2062 0 5.45000000000005 1.33 8.95
2063 0 9.55000000000001 1.87 8.14
2064 0.3 5.35000000000002 1.35 5.93
2065 0 4.85000000000002 1.3 5.17
2066 0 5.55000000000001 1.4 4.84
2067 0 5.65000000000003 1.43 4.67
2068 0 7.25 1.66 5.28
2069 0 8.15000000000003 1.8 5.91
2070 0 5.75 1.48 5.13
2071 0 5.15000000000003 1.41 4.63
2072 0 7.45000000000005 1.75 5.42
2073 0 7.05000000000001 1.71 8.21
2074 0 10.85 2.26 10.45
2075 0 6.05000000000001 1.59 8.37
2076 0 7.45000000000005 1.81 7.87
2077 0.8 11.05 2.35 12.3
2078 5.9 6.95000000000005 1.76 15.07
2079 3.9 7.95000000000005 1.92 12.92
2080 0 7.75 1.91 10.25
2081 0 9.05000000000001 2.12 10.16
2082 0 7.65000000000003 1.92 10.84
2083 0 9.75 2.25 13.77
2084 0 10.15 2.33 13.38
2085 0 11.25 2.51 13.12
2086 0.4 8.85000000000002 2.16 12.49
2087 0 12.65 2.76 13.99
2088 0 14.35 3.05 17.85
2089 5.1 8.25 2.1 15.46
2090 0 11.95 2.7 15.03
2091 1.1 10.95 2.55 21.22
2092 8.3 9.35000000000002 2.31 23.61
2093 2.1 10.45 2.5 18.57
2094 0 8.55000000000001 2.2 14.23
2095 0.1 9.95000000000005 2.44 11.19
2096 0 10.65 2.56 9.69
2097 2.7 6.95000000000005 1.97 9.68
2098 0.2 8.75 2.27 10.84
2099 2.2 10.85 2.63 14.68
2100 2.7 10.85 2.64 16.16
2101 0.2 10.85 2.65 13.47
2102 1.5 12.05 2.86 11.63
2103 0 13.75 3.15 9.89
2104 0 14.35 3.26 9.02
2105 0 16.05 3.56 8.66
2106 7.9 13.65 3.16 12.37
2107 4.2 12.75 3.01 12.24
2108 0.2 14.35 3.29 10.46
2109 0 14.85 3.38 9.2
2110 3.1 13.05 3.08 8.39
2111 0 12.15 2.93 7.23
2112 0 12.35 2.97 6.23
2113 0 13.85 3.23 5.46
2114 0.1 14.95 3.42 5
2115 0 15.25 3.48 4.69
2116 1.9 14.05 3.28 5.02
2117 0 10.75 2.71 4.14
2118 0 12.05 2.93 3.7
2119 0 16.45 3.69 3.3
2120 0.5 14.05 3.28 3.1
2121 0 16.35 3.67 2.74
2122 0 18.05 3.96 2.44
2123 0 19.45 4.2 2.26
2124 0 18.85 4.1 2.41
2125 1.5 18.05 3.96 6.16
2126 18.6 13.75 3.21 13.03
2127 0 14.85 3.4 7.23
2128 0 16.95 3.75 5.03
2129 0 18.75 4.05 3.95
2130 1.4 19.15 4.11 3.84
2131 0.2 15.65 3.51 3.52
2132 1.5 12.85 3.03 3.56
2133 1.7 12.25 2.92 3.26
2134 0 13.65 3.15 2.72
2135 2.4 12.25 2.9 3.16
2136 0 15.65 3.47 2.5
2137 0 15.25 3.39 2.11
2138 0 13.35 3.06 1.8
2139 0 16.25 3.53 1.54
2140 2.2 16.45 3.55 1.54
2141 0 17.25 3.67 1.51
2142 3.1 13.85 3.1 1.51
2143 0 12.95 2.94 1.3
2144 0 13.05 2.94 1.1
2145 0.2 15.05 3.25 0.99
2146 0 14.85 3.2 0.97
2147 0.1 15.65 3.32 1
2148 0 18.95 3.83 0.91
2149 0 21.75 4.25 0.84
2150 0 19.05 3.8 0.79
2151 0 18.25 3.66 0.75
2152 3.7 14.15 2.99 0.79
2153 5.2 15.45 3.18 1.96
2154 6 14.85 3.07 3.53
2155 0 15.05 3.08 2.12
2156 0 16.25 3.24 1.48
2157 0 15.55 3.11 1.21
2158 0 15.35 3.06 1.02
2159 0 16.55 3.22 0.98
2160 4.1 13.65 2.77 1.62
2161 0 13.05 2.66 1.45
2162 5 11.75 2.45 2.14
2163 1.2 16.15 3.07 2.22
2164 2.6 12.95 2.58 2.02
2165 0 13.45 2.63 1.61
2166 0 12.15 2.43 1.36
2167 1.1 12.25 2.42 1.58
2168 0 15.75 2.88 1.39
2169 0.2 17.05 3.04 1.22
2170 0 18.45 3.2 1.05
2171 0 18.35 3.16 0.9
2172 0 19.05 3.22 0.81
2173 0 18.85 3.16 0.72
2174 0 20.15 3.3 0.66
2175 1.9 20.45 3.31 6.37
2176 21.6 16.65 2.79 7.59
2177 0 17.45 2.86 4.73
2178 4.8 14.35 2.44 4.98
2179 0.3 15.35 2.54 4.09
2180 0.1 15.05 2.47 3.42
2181 3.6 10.85 1.93 3.33
2182 0 12.55 2.11 2.68
2183 0.2 15.05 2.39 2.36
2184 0.7 14.25 2.26 2.22
2185 0 16.55 2.5 2.35
2186 9.2 15.55 2.36 4.25
2187 0 14.45 2.2 2.77
2188 0 14.35 2.17 2.26
2189 0 14.05 2.1 1.99
